0.00249993
0.00249992
0.00249996
0.00249997
0.00249999
0.00249991
0.00249991
0.00249997
0.00249994
0.00249993
0.00249995
0.00249999
0.00250002
0.00250003
0.00249995
0.00250002
0.0025
0.00249999
0.00249997
0.0025
0.00250001
0.00249998
0.0025
0.00249998
0.00249996
0.00249997
0.00249998
0.00249998
0.00249991
0.00249998
0.00249995
0.00250005
0.00249998
0.00249989
0.00250002
0.00250004
0.0025
0.00250002
0.00250001
0.00249996
0.00250001
0.00249996
0.00249999
0.00250002
0.00250005
0.00250002
0.00250001
0.00250001
0.0025
0.00250002
0.00249998
0.00249998
0.00250008
0.00249995
0.00249997
0.00250001
0.00250002
0.00249999
0.00250001
0.0025
0.00249995
0.00249997
0.00250001
0.00250001
0.00249997
0.00250003
0.00249999
0.00250004
0.00249998
0.00249998
0.00249998
0.00250002
0.00250002
0.00249995
0.00249999
0.00249998
0.00250002
0.00250005
0.00249999
0.0025
0.00249998
0.00250001
0.00250001
0.00250003
0.0025
0.00250004
0.00250001
0.00249996
0.00250001
0.00249997
0.0025
0.00249999
0.00250001
0.00249999
0.00250001
0.00249997
0.00249998
0.0025
0.00250001
0.00250001
0.00249998
0.00250001
0.00250001
0.00249998
0.00250001
0.00249997
0.00250002
0.00250009
0.00249996
0.00250001
0.00249996
0.00250002
0.00250001
0.00250001
0.0025
0.00249999
0.00249999
0.00249999
0.00250001
0.00249999
0.00249999
0.00249997
0.00249999
0.0025
0.00250002
0.00249999
0.00249999
0.00250001
0.00249998
0.00250001
0.00249994
0.0025
0.00249999
0.0025
0.00250003
0.00249999
0.00250005
0.00250001
0.00249998
0.00249999
0.00249998
0.00250007
0.00250001
0.00249999
0.00250001
0.00250001
0.00249997
0.00249999
0.00249997
0.00250001
0.00250003
0.00250001
0.00250001
0.00250005
0.00250001
0.00250003
0.0025
0.0025
0.00249999
0.00250002
0.00250001
0.00249998
0.00249995
0.00249999
0.0025
0.00250001
0.00249999
0.00250001
0.00249999
0.00249999
0.00249999
0.00250004
0.00249997
0.00250007
0.00250007
0.00250001
0.00249998
0.00250006
0.00250005
0.0025
0.00250003
0.00249992
0.00249997
0.0025
0.00249997
0.00249993
0.00249997
0.00249994
0.00249996
0.00250001
0.00249992
0.00249998
0.0025
0.00249996
0.00249997
0.00250001
0.00250002
0.00249998
0.00250001
0.00250001
0.00250003
0.0025
0.00250005
0.00250006
0.0025
0.00250004
0.00250001
0.00249999
0.00249999
0.00249995
0.00250001
0.00250005
0.00249999
0.00250001
0.00250004
0.0025
0.00249995
0.0025
0.00250007
0.00249999
0.00250004
0.00250001
0.00249999
0.00249995
0.0025
0.00249998
0.00250006
0.00250001
0.00250003
0.00250001
0.00250002
0.00249996
0.00249998
0.00249998
0.00249999
0.00250001
0.00250001
0.0025
0.00250001
0.00249998
0.00250001
0.0025
0.0025
0.00249997
0.00249999
0.00250001
0.00250001
0.00250004
0.00250002
0.00249992
0.00249999
0.00250003
0.00250005
0.00249999
0.00250004
0.00250002
0.00249992
0.00250004
0.00250001
0.00250002
0.00249998
0.00249998
0.00249998
0.00249998
0.00249997
0.00249995
0.00249992
0.00249997
0.00249992
0.00249995
0.0025
0.00250001
0.0025001
0.00250006
0.00250004
0.00250002
0.00250006
0.00250004
0.00250003
0.00250003
0.00249999
0.00249987
0.00249999
0.00249996
0.00249997
0.00249991
0.00249994
0.00249992
0.00249993
0.00250001
0.0025
0.00250006
0.0025
0.00250002
0.00250008
0.00250008
0.00250008
0.00250012
0.00250005
0.00250007
0.00250005
0.00249996
0.00249997
0.00249995
0.00250001
0.00249986
0.00249946
0.00249941
0.00249946
0.00249944
0.00249944
0.00249981
0.00249988
0.00249985
0.00249979
0.00249981
0.00249981
0.00249977
0.00249984
0.00249989
0.00249982
0.00249979
0.00249982
0.00249984
0.00249983
0.00249984
0.0024998
0.00249985
0.00249979
0.00249981
0.00249975
0.00249996
0.00249991
0.00249996
0.00249995
0.00249996
0.00249997
0.00249998
0.00249995
0.00249994
0.00249995
0.00249989
0.00249993
0.00249989
0.00249994
0.00249986
0.00249989
0.0024999
0.0024999
0.00249984
0.0024999
0.00250001
0.00250003
0.00250001
0.00250002
0.00249998
0.00249999
0.00250001
0.00249999
0.00249998
0.00249997
0.0024999
0.00249992
0.00249986
0.00249993
0.00249995
0.00249995
0.00249986
0.00249987
0.00249987
0.00249993
0.00250004
0.00250006
0.00250004
0.0025001
0.00250005
0.00250002
0.00250004
0.00250006
0.00250009
0.00250003
0.00249986
0.00249988
0.00249989
0.00249988
0.00249991
0.00249994
0.00249994
0.00249993
0.00249989
0.0024999
0.00250003
0.0025
0.00250001
0.00250006
0.00250002
0.00250006
0.00250004
0.00250008
0.00250006
0.00250007
0.00249992
0.00249997
0.00249997
0.00249995
0.00249994
0.00249995
0.00249994
0.00249995
0.00249997
0.00249998
0.00250007
0.00250005
0.00250007
0.00250008
0.00250009
0.00250002
0.00250005
0.00250005
0.00250006
0.00250007
0.00249997
0.00249992
0.00250001
0.00249992
0.00249997
0.00249999
0.0025
0.00249998
0.00249993
0.00249994
0.00249995
0.00250002
0.00250001
0.00249998
0.00250006
0.00250005
0.00250001
0.00250001
0.00250003
0.00250004
0.00250001
0.00249998
0.00249995
0.00249994
0.00249999
0.00249996
0.00249995
0.00249996
0.00249994
0.00249995
0.00249999
0.00250005
0.0025
0.0025
0.0025
0.00250002
0.00250004
0.00249997
0.00249999
0.00249998
0.00249997
0.00249996
0.00250004
0.00249997
0.00250001
0.00250002
0.00250003
0.00250003
0.00249997
0.00249997
0.00249994
0.00249996
0.00249999
0.00249995
0.00250004
0.00249997
0.00250003
0.00249994
0.0025
0.00249998
0.00250003
0.00249995
0.00250005
0.00250002
0.00250004
0.00250007
0.00249998
0.00249999
0.00250001
0.0025
0.00250005
0.0025
0.00249998
0.00249995
0.00249997
0.00250005
0.0025
0.00249999
0.00250004
0.00250001
0.00249998
0.00250004
0.00250004
0.00250004
0.00250001
0.00250004
0.0025
0.00250001
0.00250005
0.00249999
0.00249998
0.00250001
0.00250001
0.00249992
0.00249997
0.00250004
0.00250008
0.00249999
0.00249998
0.00250002
0.00249996
0.00250001
0.00249997
0.00250001
0.00249998
0.00249998
0.00249997
0.00250001
0.00249993
0.00250007
0.00249997
0.00249999
0.0025
0.00249998
0.00250001
0.0025
0.00249998
0.00249999
0.00249999
0.00249995
0.00250001
0.00249999
0.00249994
0.00249997
0.00249993
0.00250001
0.00250006
0.0025
0.00250005
0.00249998
0.00249995
0.00249995
0.00249995
0.00250004
0.00249994
0.00250001
0.0025
0.00249998
0.00250004
0.00250001
0.00250001
0.00250003
0.00250003
0.00249997
0.00249997
0.00250004
0.00249998
0.00249997
0.00250004
0.00249999
0.0025
0.00250003
0.00249999
0.00249999
0.00250003
0.00249997
0.0025
0.00250004
0.00249999
0.00249996
0.00250004
0.00249996
0.00250001
0.00249998
0.00250001
0.00250005
0.0025
0.00250001
0.0025
0.00250004
0.00249995
0.00250003
0.00250003
0.00249998
0.00249999
0.00249998
0.0025
0.00249998
0.00249998
0.00249999
0.00250006
0.0025
0.00249995
0.00249996
0.00249997
0.0025
0.00250002
0.00250005
0.00250001
0.00249996
0.0025
0.00250007
0.00249995
0.0025
0.00250002
0.00250001
0.00249998
0.0025
0.00249998
0.0025
0.00250001
0.0025
0.00250002
0.00249324
0.00250052
0.0025005
0.00250053
0.00250051
0.0025005
0.00250054
0.00250095
0.00250094
0.00250098
0.00250097
0.00250084
0.00250093
0.00250088
0.00250096
0.00250093
0.0025009
0.00249964
0.00249973
0.00249969
0.00249973
0.00249975
0.00249973
0.00249968
0.00249969
0.0024997
0.00249965
0.00250053
0.00250055
0.00250053
0.00250053
0.00250056
0.00250055
0.00250051
0.00250052
0.00250056
0.0025006
0.00249975
0.00249975
0.00249978
0.00249979
0.00249977
0.00249982
0.00249978
0.00249981
0.00249983
0.00249981
0.00250032
0.00250035
0.00250033
0.00250032
0.00250038
0.00250033
0.00250036
0.00250036
0.0025003
0.0025003
0.00249978
0.00249977
0.00249982
0.0024998
0.00249985
0.00249984
0.0024998
0.00249985
0.00249984
0.00249982
0.0025002
0.0025002
0.00250021
0.0025002
0.00250018
0.00250018
0.00250018
0.00250018
0.0025002
0.00250018
0.00249986
0.00249994
0.00249985
0.00249988
0.00249992
0.00249994
0.00249993
0.00249992
0.0024999
0.0024999
0.00250007
0.00250012
0.00250006
0.00250006
0.00250012
0.00250008
0.00250013
0.00250009
0.00250011
0.00250009
0.00249993
0.00249996
0.00249996
0.00249995
0.00249999
0.00249997
0.0024999
0.0024999
0.0025
0.00249997
0.00250005
0.00250011
0.00250003
0.00250001
0.00250006
0.00250006
0.00250009
0.00250005
0.00250007
0.00250005
0.00249992
0.00249992
0.00249993
0.00249999
0.0025
0.00250002
0.0024999
0.00249998
0.00249994
0.00249993
0.00250005
0.00250005
0.0025
0.00250004
0.00249996
0.00250006
0.00250007
0.00250002
0.00250006
0.00250002
0.00250001
0.00249997
0.00250006
0.00250001
0.00249998
0.00249999
0.00249999
0.00250001
0.00249998
0.00250003
0.0025
0.00249998
0.00249999
0.00250002
0.00250003
0.00250005
0.00249995
0.00250003
0.00249998
0.0025
0.00250001
0.00249994
0.0025
0.00249995
0.00249998
0.00249998
0.00250003
0.0025
0.00250001
0.0025
0.00249998
0.00249999
0.00249999
0.00250007
0.00250005
0.00250001
0.00250002
0.00250001
0.0025
0.00250005
0.00249998
0.00250001
0.00249998
0.00250001
0.00249998
0.00249997
0.00249997
0.0025
0.00249999
0.00250001
0.00249999
0.00249998
0.00250003
0.00250005
0.00250004
0.0025
0.00249998
0.00250001
0.00249995
0.00250003
0.00249997
0.00250001
0.00250002
0.00250002
0.00250003
0.0025
0.00250001
0.00249997
0.00250001
0.00250003
0.00250003
0.00249998
0.00249999
0.00250006
0.00250005
0.00250002
0.0025
0.00250004
0.0025
0.00250001
0.00249995
0.00249998
0.00249991
0.00249993
0.00249991
0.00249993
0.00249997
0.00249994
0.00249998
0.00249999
0.0025001
0.00250004
0.00250004
0.0025
0.00250005
0.00250003
0.00250002
0.00250012
0.00250006
0.0025
0.00249998
0.00249996
0.00249992
0.00249997
0.00249997
0.00249995
0.0025
0.00249997
0.00249995
0.00249996
0.00250005
0.00250003
0.00250004
0.00250007
0.00250009
0.00250006
0.00250005
0.00250005
0.00250003
0.00250007
0.00250002
0.00249993
0.00250001
0.0024999
0.00249994
0.00249991
0.0025
0.00249999
0.00249994
0.00249997
0.00250006
0.00249998
0.0025
0.00250001
0.00250001
0.00249999
0.00249995
0.00249996
0.00249999
0.00249994
0.0025
0.00249997
0.0025
0.0025
0.00249996
0.00250001
0.00250003
0.00250003
0.00249997
0.00249998
0.00249998
0.00249998
0.00250001
0.00250004
0.00249999
0.00249998
0.0025
0.00250001
0.00250002
0.00249999
0.00250003
0.00249995
0.00250002
0.00250002
0.00250001
0.00250005
0.00250003
0.00250006
0.00250005
0.00249999
0.0025
0.00250002
0.00249999
0.00250003
0.00250006
0.00250002
0.00249996
0.00249999
0.00250005
0.0025
0.00249999
0.00250001
0.00249995
0.00250002
0.00250002
0.00250001
0.00249993
0.00249998
0.00249999
0.00249999
0.00250001
0.00250007
0.00250005
0.00249997
0.00249999
0.00249998
0.0025
0.00250002
0.00250001
0.00250003
0.00249995
0.00250004
0.00250003
0.00249999
0.00250001
0.00250002
0.00249999
0.0025
0.00249999
0.00250005
0.00250005
0.00250004
0.00249998
0.0025
0.0025
0.00250001
0.00250002
0.00249999
0.00249996
0.00250001
0.00249992
0.00249999
0.00249994
0.00250001
0.0025
0.00249995
0.00249999
0.00249997
0.00249993
0.00249995
0.00250001
0.00249996
0.00249998
0.00250001
0.00249994
0.00250002
0.00250003
0.00250001
0.00250001
0.00250002
0.00250004
0.00250003
0.00249998
0.00250001
0.00249999
0.00250004
0.00249999
0.00250001
0.0025
0.00250003
0.00249993
0.00249999
0.0025
0.00250002
0.00249999
0.0025
0.00249999
0.00250004
0.00250002
0.0025
0.00250002
0.00250001
0.00250001
0.00249995
0.0025
0.00249999
0.00249999
0.00250004
0.00250006
0.0025
0.00250002
0.00250001
0.00250003
0.00250004
0.00250004
0.00250001
0.00250005
0.00250001
0.00249999
0.00250001
0.00249997
0.00250001
