0.00249994
0.00249998
0.00249993
0.00249994
0.0025
0.00249994
0.00249991
0.00249995
0.00249992
0.00249998
0.00249995
0.00250001
0.00249995
0.00249999
0.0025
0.00249997
0.00249994
0.00250003
0.00250001
0.00250002
0.00250004
0.00250001
0.0024999
0.00249998
0.00250001
0.00249996
0.00250001
0.0025
0.00250004
0.00249999
0.00249993
0.00250003
0.00250003
0.00249994
0.0025
0.00250004
0.00250003
0.0025
0.00249997
0.00250005
0.00249999
0.00249998
0.00250001
0.00250002
0.00249996
0.00250004
0.00249997
0.00249997
0.00249998
0.00249999
0.00249994
0.00249998
0.00249999
0.00250004
0.0025
0.00250003
0.00249999
0.0025
0.00250001
0.00249997
0.00249996
0.0025
0.00249999
0.0025
0.00249999
0.00250001
0.00249999
0.00250001
0.00249989
0.00250001
0.00250002
0.00250005
0.00250003
0.00250001
0.00250009
0.00250003
0.00250005
0.00250006
0.00250006
0.00250007
0.00250007
0.00249994
0.00249995
0.00249997
0.00249997
0.00249991
0.00249991
0.00249996
0.00249991
0.00249994
0.00249991
0.00250009
0.00250006
0.00250001
0.00250001
0.00249999
0.00250003
0.00250005
0.00250002
0.00250003
0.0025
0.00250006
0.00249997
0.00250002
0.00249998
0.00250004
0.00249998
0.00249998
0.00250001
0.00250002
0.00250003
0.00250001
0.0025
0.00250001
0.00249999
0.00250001
0.00249996
0.00250005
0.00250002
0.00250002
0.00250003
0.00249997
0.00250004
0.00249998
0.00249997
0.00249999
0.0025
0.00250002
0.00249999
0.00249995
0.00250003
0.00250001
0.00249999
0.00249996
0.0025
0.00250002
0.00249999
0.00249992
0.00250002
0.00249997
0.00250002
0.00249998
0.00250001
0.0025
0.00250002
0.00250005
0.00249996
0.00249994
0.0025
0.00250005
0.00249997
0.00250001
0.00249998
0.00249999
0.00250001
0.0025
0.00250005
0.00249998
0.00250001
0.00250002
0.0025
0.00249998
0.00249998
0.00250004
0.00250005
0.00249999
0.00249996
0.00249999
0.00250001
0.00250001
0.00249999
0.00249997
0.00249994
0.00250003
0.00250002
0.00249997
0.00249999
0.00249992
0.00250001
0.0025
0.00249995
0.00249999
0.00250002
0.00250005
0.00249999
0.00249996
0.00249998
0.0025
0.00250003
0.00249999
0.00249998
0.0025
0.00250003
0.00249998
0.0025
0.00250001
0.00249996
0.00249999
0.00250006
0.00249997
0.0025
0.00249999
0.00249998
0.0025
0.00249999
0.00249999
0.00249999
0.00249995
0.0025
0.0025
0.00249999
0.00250005
0.00250003
0.00250011
0.00250004
0.00250005
0.00250004
0.00250002
0.00250002
0.00250005
0.00250004
0.00249993
0.00249995
0.00249999
0.00249996
0.00249995
0.00249994
0.00249991
0.00249998
0.00249989
0.00249987
0.00250009
0.0025001
0.00250009
0.00250004
0.00250005
0.00250008
0.0025001
0.00250012
0.0025001
0.00250013
0.00249991
0.00249991
0.00249996
0.00249986
0.0024999
0.00249987
0.00249989
0.0024999
0.00249986
0.00249987
0.00250011
0.00250012
0.00250009
0.00250012
0.00250008
0.00250013
0.00250011
0.00250006
0.00250014
0.00250009
0.00249992
0.00249992
0.00249993
0.00249984
0.00249992
0.00249993
0.00249987
0.0024999
0.00249993
0.00249994
0.00250011
0.00250008
0.00250016
0.00250009
0.00249999
0.00250005
0.0025001
0.00250006
0.00250005
0.00250002
0.00249997
0.00249995
0.00249999
0.00249996
0.00250004
0.00249998
0.00249992
0.00249995
0.0025
0.00249995
0.00249999
0.00249997
0.00250001
0.00250001
0.00249999
0.00249999
0.00250003
0.0025
0.00250009
0.00249996
0.00250001
0.00249999
0.00249999
0.00250004
0.00249996
0.00250001
0.00249998
0.00249998
0.00249999
0.00249995
0.00249999
0.00249995
0.00250008
0.00250002
0.00249998
0.00249995
0.00250002
0.00249995
0.00249999
0.00249998
0.00250004
0.00250001
0.0025
0.00250001
0.00250003
0.00250003
0.00250002
0.00250004
0.00250003
0.00250004
0.00249999
0.00249997
0.00250001
0.00250003
0.00249997
0.00250002
0.00250001
0.00250004
0.00249995
0.0025
0.00249999
0.00250005
0.00249996
0.00250001
0.00250002
0.00250002
0.00249997
0.00249997
0.00250001
0.00250004
0.00250001
0.00250002
0.00250002
0.00249999
0.00250004
0.00250001
0.00249995
0.00250002
0.00249999
0.00250001
0.00250003
0.00250004
0.00250001
0.00249999
0.00250003
0.00249999
0.00249999
0.00250004
0.00250002
0.00250006
0.00249996
0.00249994
0.00249996
0.00249994
0.00249993
0.00249998
0.00249997
0.00249994
0.00249988
0.00249992
0.00250004
0.00250004
0.00250013
0.00250007
0.00250002
0.00250004
0.00250008
0.00250007
0.0025001
0.00250007
0.0025
0.00249995
0.00249993
0.00249999
0.00249995
0.00249995
0.00249996
0.00249993
0.00249995
0.00249989
0.00250003
0.00250003
0.00250004
0.00250002
0.00250007
0.00250004
0.00250008
0.00250011
0.00250001
0.00250004
0.00249994
0.00249995
0.00249993
0.00249994
0.00249995
0.00249991
0.00250001
0.00249995
0.00249993
0.00249996
0.00249999
0.00250003
0.00250008
0.00250004
0.00250005
0.00250001
0.00250005
0.00250005
0.00250006
0.00250002
0.00249999
0.00249991
0.00249997
0.00249997
0.00249996
0.00249996
0.00249996
0.0024999
0.00250001
0.00249999
0.00250005
0.00250001
0.0025001
0.00250007
0.00250006
0.0025
0.00250008
0.00250002
0.00250009
0.00250006
0.00250001
0.00249993
0.00249992
0.00249994
0.00249991
0.00249993
0.00249992
0.00249996
0.00249998
0.00249999
0.00250013
0.00250003
0.00250009
0.00250006
0.00250006
0.00250009
0.00250005
0.00250008
0.00249999
0.00250003
0.00249994
0.00249989
0.0024999
0.00249993
0.00249993
0.00249993
0.00249998
0.00249994
0.00249989
0.0024999
0.00250004
0.00249998
0.00249999
0.00250008
0.00250007
0.00250005
0.00250002
0.00250003
0.00250007
0.00250011
0.00249994
0.00249994
0.00249995
0.00249992
0.00249994
0.00249999
0.00249989
0.0024999
0.00250001
0.00249999
0.0025
0.00250005
0.00250001
0.00250006
0.00250004
0.00250005
0.00250008
0.00250005
0.00250005
0.00250005
0.00249999
0.00250003
0.00249999
0.00249999
0.0025
0.00249998
0.00250004
0.00249999
0.00250001
0.00249999
0.00249998
0.00250001
0.00250005
0.00249995
0.00249996
0.00249996
0.00249998
0.00250005
0.00250002
0.0025
0.00249999
0.00249992
0.00249996
0.00249999
0.00249998
0.00250001
0.00250001
0.00250001
0.0025
0.00249999
0.00249998
0.0025
0.00250003
0.00249999
0.0025
0.00249997
0.00250003
0.00249996
0.00250001
0.00250001
0.00250001
0.00249996
0.00249998
0.00250003
0.0025
0.00250003
0.00249997
0.00250001
0.00249994
0.00249997
0.00250004
0.00250007
0.00250003
0.00249997
0.00249999
0.00250007
0.00250005
0.00250006
0.00250004
0.00250005
0.00249997
0.00249994
0.00249996
0.00249995
0.00249997
0.00249991
0.00249999
0.0024999
0.00249992
0.00249994
0.00250005
0.00249999
0.00250007
0.00250002
0.00250008
0.00250002
0.00249999
0.00250007
0.00250007
0.00250007
0.00249997
0.00250005
0.00250001
0.00250002
0.00249996
0.00249995
0.00250002
0.0025
0.00249995
0.00249998
0.00250001
0.00250004
0.00249998
0.00250004
0.00249999
0.00249997
0.00249996
0.0025
0.00249999
0.0025
0.00250001
0.00250005
0.00250005
0.00249997
0.00250001
0.00249996
0.00250002
0.00249999
0.00250001
0.00249997
0.00249998
0.00249996
0.00250001
0.00249997
0.00249995
0.0025
0.00249999
0.00249998
0.00249997
0.00250003
0.00250005
0.00250007
0.00250007
0.00250004
0.00250004
0.0025
0.00250004
0.00250002
0.00250001
0.00250004
0.00249996
0.00249992
0.00249998
0.00249995
0.00249992
0.00249997
0.00249994
0.00249995
0.00249994
0.00249994
0.00250004
0.00250005
0.00250006
0.00250001
0.00250005
0.00250004
0.00250001
0.00250001
0.00249997
0.00250002
0.00249995
0.0025
0.00250001
0.00249997
0.0025
0.0025
0.00249997
0.00249998
0.00250001
0.00250002
0.00250006
0.00249993
0.00249995
0.00249994
0.00250001
0.00249999
0.00249997
0.00250001
0.00249999
0.00250005
0.00250005
0.00250006
0.0025
0.00250005
0.00250011
0.00250004
0.00250002
0.00250005
0.00250006
0.00250003
0.00249998
0.00249997
0.00249997
0.00249995
0.00249996
0.00249995
0.00249994
0.00249992
0.0025
0.0025
0.00249997
0.00250008
0.00250002
0.00250001
0.00250001
0.00250003
0.00250007
0.00250006
0.00250003
0.00250005
0.00249987
0.00249994
0.00249996
0.00249996
0.00250001
0.00249998
0.00249997
0.00249991
0.00249995
0.00250001
0.00250008
0.00250005
0.00250004
0.00249954
0.00249955
0.00249956
0.00249953
0.00249953
0.00249949
0.00249953
0.00249997
0.00249991
0.0025
0.00249993
0.00249994
0.00249995
0.00249996
0.00249994
0.0024999
0.00249994
0.00249984
0.00249985
0.00249983
0.00249988
0.00249988
0.00249983
0.00249984
0.00249985
0.00249989
0.00249985
0.00250001
0.00250004
0.0025
0.00250004
0.00250006
0.00250009
0.00250009
0.00250005
0.00250001
0.0025
0.00249996
0.00249996
0.0025
0.00249992
0.00249999
0.00249997
0.00249992
0.00249992
0.00249991
0.00249994
0.00249996
0.00250001
0.00249998
0.00250001
0.00249997
0.00249998
0.00249999
0.00249995
0.00249999
0.00250003
0.00250004
0.00250005
0.00250004
0.00249998
0.00250001
0.00249995
0.00249993
0.00249996
0.00249997
0.00249996
0.00250002
0.0025
0.0025
0.00250003
0.00249999
0.00249999
0.00249996
0.00249995
0.00249999
0.00249997
0.00250003
0.00250004
0.00250004
0.00249996
0.00250006
0.00250007
0.00250003
0.00250006
0.00250005
0.00250004
0.00249994
0.00249995
0.00249994
0.00249994
0.00249995
0.00249992
0.00250001
0.00249984
0.00249993
0.00249995
0.00250006
0.00250014
0.00250012
0.00250006
0.00250007
0.00250012
0.00250007
0.00250009
0.00250011
0.0025001
0.0024999
0.00249987
0.00249989
0.00249992
0.0024999
0.00249992
0.00249993
0.00249991
0.0024999
0.00249992
0.00250011
0.00250011
0.00250015
0.00250011
0.0025001
0.0025001
0.00250008
0.00250005
0.00250008
0.00250011
0.0024999
0.0024999
0.00249986
0.00249992
0.00249992
0.00249984
0.00249988
0.0024999
0.00249994
0.00249986
0.0025001
0.00250014
0.00250009
0.00250007
0.00250012
0.00250006
0.00250007
0.00250006
0.00250011
0.00250009
0.00249994
0.00249997
0.00249994
0.00249999
0.00249999
0.00249998
0.00249998
0.00249996
0.00249994
0.00249995
0.00249997
0.00250004
0.00249999
0.00249996
0.00250001
0.0025
0.00250003
0.00249997
0.00250003
0.00250002
0.00249999
0.00250001
0.00249992
0.00249999
0.00249994
0.00250003
0.00250002
0.00249997
0.00250003
0.00249996
0.00250003
0.00250001
0.00250004
0.00249999
0.00250014
0.00250003
0.00250001
0.00250007
0.00250004
0.00250002
0.00249996
0.00249994
0.00249997
0.00249994
0.00249997
0.00249995
0.00249993
0.00249997
0.00249996
0.00249993
0.00250006
0.00250007
0.00250005
0.00250005
0.00250003
0.00250006
0.00250005
0.00250004
0.00250002
0.00249998
0.00249995
0.00249999
0.00249997
0.00249994
0.00249992
0.00249995
0.00249995
0.00249994
0.00249996
0.00250001
0.00249999
0.00250007
0.00250006
0.00250003
0.00250006
0.00250004
0.00250005
0.00250004
0.0025
0.00250005
0.00249991
0.00249991
0.00249999
0.00250001
0.00249998
0.00249995
0.00249996
0.00249999
0.00249999
0.00249999
0.00250009
0.00250004
0.00250001
0.00250009
0.00250002
0.00250002
0.00250008
0.00250008
0.00250007
0.00250003
0.00249992
0.0025
0.00249995
0.00249994
0.00249997
0.00250001
0.0024999
0.00249991
0.00249991
0.00250508
0.00249986
0.00249987
0.00249987
0.00249988
0.00249987
0.00249989
0.00249988
0.00249987
0.00249992
0.00249987
0.00250018
0.00250023
0.00250023
0.00250023
0.00250024
0.00250023
0.00250023
0.00250021
0.00250025
0.00250023
0.00249987
0.00249985
0.00249989
0.0024999
0.00249986
0.00249987
0.00249989
0.00249983
0.00249989
0.00249986
0.00250022
0.00250017
0.00250013
0.0025002
0.00250018
0.00250013
0.00250015
0.00250016
0.00250008
0.00250012
0.00249987
0.0024999
0.00249984
0.00249986
0.00249984
0.00249985
0.00249983
0.00249983
0.00249988
0.00249983
0.00250015
0.00250011
0.00250017
0.00250015
0.00250008
0.00250017
0.00250014
0.00250014
0.00250019
0.00250015
0.00249988
0.00249992
0.00249985
0.00249987
0.00249987
0.00249985
0.00249986
0.00249985
0.00249995
0.00249993
0.00250005
0.00250009
0.00250008
0.00250006
0.0025001
0.00250008
0.00250003
0.00250009
0.0025001
0.00250012
0.00249996
0.00249996
0.00250001
0.00249995
0.00249994
0.00249996
0.00249997
0.00249993
0.00249995
0.00249995
0.00250008
0.00250004
0.00250003
0.00250006
0.00250005
0.00250007
0.00250008
0.00250005
0.00250007
0.00250011
0.00249996
0.00249998
0.00249998
0.00249996
0.00249994
0.00249997
0.00249995
0.00249997
0.00249997
0.0025
0.00249999
0.00250001
0.00250002
0.00249996
0.00250002
0.00250004
0.00249998
0.0025
0.00249998
0.00249996
0.00249997
0.00250002
0.00250004
0.0025
0.00250003
0.00249997
0.00249997
0.00249998
0.00249999
0.00250001
0.0025
0.00249999
0.0025
0.00249999
0.00249999
0.00249998
0.00250001
0.00250002
0.00250001
0.00250003
0.00250002
0.00250004
0.00249999
0.00250002
0.00250001
0.0025
0.00250001
0.00249999
0.00250003
0.00250001
0.00250002
0.00250001
0.00250001
0.00250002
0.00249998
0.0025
0.0025
0.00250002
0.00249999
0.00250003
0.00250001
0.00249992
0.00249992
0.00249996
0.00249996
0.00249994
0.00249992
0.00249992
0.00249987
0.00249995
0.00250003
0.00250007
0.00250009
0.00250003
0.00250009
0.00250009
0.00250002
0.00250005
0.00250004
0.00250005
0.00249999
0.00249997
0.00249996
0.00249994
0.0025
0.00249999
0.00249997
0.00249997
0.00249995
0.00249992
0.00250005
0.00250004
0.00250004
0.00250006
0.00250001
0.00250007
0.00250001
0.00250006
0.00250005
0.00250001
0.00250002
0.00249996
0.00249993
0.00249996
0.00249998
0.00249994
0.0025
0.00249998
