0.00249982
0.00249991
0.00249987
0.00249988
0.00249985
0.00249987
0.0024999
0.00249981
0.00249985
0.00249984
0.00249984
0.00250002
0.00250004
0.00250006
0.00250002
0.00250001
0.00250003
0.00250003
0.00250001
0.00250004
0.00250001
0.00249996
0.0024999
0.00249996
0.0024999
0.0024999
0.00249996
0.00249994
0.00249995
0.00249988
0.0024999
0.00250006
0.00250004
0.0025
0.0025
0.00250006
0.00250003
0.00250003
0.00250004
0.00250005
0.00250001
0.00249991
0.00249999
0.00249993
0.00249996
0.00249989
0.00249994
0.0024999
0.0025
0.00249992
0.00249989
0.00250005
0.00250004
0.00250002
0.00250001
0.00250006
0.00249993
0.00250004
0.00250005
0.00250006
0.00250002
0.00249997
0.00249999
0.00249995
0.00249997
0.00249997
0.00249998
0.00249999
0.00249998
0.00250001
0.00250001
0.00250001
0.00249996
0.00249998
0.00249997
0.00249998
0.00249993
0.00250004
0.00249997
0.00249997
0.00249998
0.00249997
0.00250001
0.00250003
0.0025
0.00250003
0.00250003
0.00249995
0.00249996
0.00250003
0.00250003
0.00249993
0.00249996
0.00249998
0.00249998
0.00249993
0.00250003
0.00249999
0.00250001
0.00249997
0.00249999
0.00250002
0.0025
0.00250008
0.00249999
0.00249993
0.00250008
0.00250003
0.00250003
0.00250001
0.00249998
0.00249994
0.00250003
0.00249998
0.00249995
0.00249998
0.00249996
0.00249997
0.00249999
0.00250002
0.00249998
0.00250003
0.0025
0.00250001
0.00250004
0.00250001
0.00250001
0.00250001
0.0025
0.00250004
0.00250002
0.0025
0.00250001
0.00249991
0.00250001
0.00249999
0.00249998
0.00249995
0.00249999
0.00249994
0.00249996
0.00249996
0.00250001
0.00249996
0.00250003
0.00250004
0.00250003
0.00250008
0.00249999
0.00250006
0.00250008
0.00249996
0.00249998
0.00249998
0.00249993
0.0025
0.00249998
0.00249998
0.00249995
0.00250001
0.00249998
0.00250001
0.00250004
0.00250006
0.00250006
0.00249998
0.00250003
0.00250001
0.0025
0.0025
0.00250004
0.0025
0.00249998
0.00250003
0.00249995
0.00250002
0.00249998
0.00249998
0.0025
0.00249997
0.0025
0.00250005
0.00250004
0.00250007
0.00249994
0.0025
0.00249999
0.00250001
0.00250005
0.00249999
0.00249999
0.00250002
0.00249999
0.00249996
0.00250002
0.00249996
0.00250001
0.0025
0.00249993
0.00249995
0.00249995
0.00250005
0.00250003
0.00250003
0.00249997
0.00250005
0.00250004
0.00250004
0.00250002
0.0025
0.00250003
0.00249998
0.00249995
0.00249997
0.00249996
0.0025
0.00249998
0.00249993
0.00249995
0.00249991
0.00249998
0.00249999
0.00250005
0.00250004
0.0025
0.00250001
0.00250004
0.00250002
0.00249996
0.00250001
0.0025
0.00250002
0.00249998
0.00250001
0.00250002
0.00250003
0.0025
0.0025
0.00250005
0.00250002
0.0025
0.00250003
0.00249995
0.00250005
0.00249995
0.00250003
0.00250003
0.00250001
0.00250002
0.00250002
0.00250004
0.00250001
0.00249997
0.00249999
0.00249996
0.00250003
0.00250003
0.00249997
0.00249999
0.00250003
0.00250001
0.00250003
0.00250008
0.00249997
0.00249999
0.00250005
0.00250006
0.00250005
0.00249999
0.00250004
0.00249999
0.00249995
0.00250001
0.00250001
0.00250002
0.00249999
0.00250001
0.0025
0.00249998
0.00250001
0.00249997
0.00249995
0.00249999
0.00250001
0.00250002
0.00249992
0.00249995
0.00249998
0.00249994
0.00249996
0.00250001
0.00250004
0.00250002
0.00250001
0.00249999
0.00250005
0.00250004
0.00250001
0.0025
0.00250008
0.0025
0.00249999
0.00249996
0.0025
0.00249996
0.00249998
0.00249999
0.00250003
0.00249996
0.00249992
0.00250001
0.00250004
0.00249999
0.00250004
0.00250006
0.00249999
0.00250002
0.00249998
0.00250004
0.00250002
0.00250006
0.00249995
0.00249994
0.00249998
0.00249999
0.00249993
0.00249998
0.00249994
0.00249997
0.00249999
0.00249998
0.00249998
0.00250006
0.00250004
0.00250005
0.00250004
0.00250002
0.00250005
0.00250001
0.0025
0.00250006
0.00249997
0.00249999
0.00249995
0.00250002
0.00250002
0.00249997
0.00249998
0.00249997
0.00249998
0.00250001
0.00250009
0.00250007
0.00250008
0.00249999
0.00250004
0.00250002
0.00250005
0.0025
0.00249996
0.00249999
0.00249999
0.00249996
0.00249995
0.00249996
0.00249996
0.00249999
0.00250003
0.00249997
0.00249994
0.0025
0.00250003
0.00249998
0.00249996
0.00250005
0.00250005
0.00249998
0.00249999
0.00250002
0.00249998
0.00250005
0.00249998
0.0025
0.00249997
0.00249999
0.0025
0.00249997
0.00249998
0.00249999
0.0025
0.00249995
0.00250001
0.00249999
0.00250001
0.0025
0.00250005
0.00250003
0.00250001
0.0025
0.00249996
0.00250006
0.00249998
0.00249998
0.00249998
0.0025
0.00249999
0.00249998
0.00249992
0.00249989
0.00249994
0.00250001
0.00250004
0.00250002
0.00250011
0.00250001
0.00249998
0.00250004
0.00250005
0.00250004
0.00250003
0.00250004
0.00249994
0.00249998
0.00249998
0.00249992
0.0025
0.00249998
0.00250002
0.00250002
0.00249998
0.00249995
0.0025
0.00249997
0.00250003
0.00250006
0.00249995
0.0025
0.00250005
0.00250003
0.0025
0.00249999
0.00250002
0.00250002
0.00249997
0.00250001
0.00249999
0.00249995
0.0025
0.00249999
0.00249998
0.0025
0.00249997
0.00250001
0.00250003
0.00250005
0.00250003
0.0025
0.00250006
0.00250002
0.00250003
0.0025
0.00249995
0.0025
0.00249997
0.00249999
0.00250004
0.00249995
0.00249993
0.00249997
0.00249997
0.00249996
0.00250001
0.00250009
0.00250004
0.00250008
0.00250007
0.00250001
0.00250003
0.00250007
0.00250006
0.00249999
0.00249995
0.00249999
0.00250002
0.00249999
0.00249997
0.00249997
0.00250002
0.00249998
0.00249995
0.00250001
0.00250005
0.00250007
0.00250012
0.00250007
0.00250002
0.00249999
0.00250006
0.00250007
0.00250003
0.00250003
0.00249995
0.00249989
0.00249991
0.00249997
0.00249994
0.00249992
0.00249991
0.0024999
0.00249987
0.00249997
0.00250006
0.0025001
0.00250007
0.00250005
0.00250007
0.00250012
0.00250003
0.00250007
0.00250004
0.0025001
0.00249991
0.00249993
0.00249996
0.00249992
0.0024999
0.00249992
0.00249995
0.00249998
0.0024999
0.00249991
0.00250011
0.00250008
0.00250003
0.00250008
0.00250005
0.00250006
0.00250001
0.00250008
0.00250008
0.00250005
0.00249994
0.00249992
0.00249997
0.0024999
0.00249992
0.00249993
0.00249999
0.0024999
0.00249992
0.00249991
0.00250005
0.00250011
0.00250009
0.00250007
0.00250009
0.00250004
0.00250008
0.00250007
0.00250009
0.00250005
0.00249995
0.0024999
0.00249997
0.00249994
0.00249991
0.0024999
0.00249993
0.00249992
0.00249994
0.00249995
0.0025001
0.00250013
0.00250006
0.0025001
0.00250006
0.00250001
0.00250004
0.00250006
0.00250008
0.00250013
0.00249996
0.00249992
0.00249997
0.00249995
0.00249994
0.00249995
0.00249994
0.00249994
0.00249994
0.00249991
0.00250001
0.00250002
0.00250005
0.00250003
0.00250002
0.00250001
0.0025001
0.00250002
0.00249997
0.00250004
0.00250002
0.00249998
0.00249992
0.00249995
0.00250006
0.00250002
0.00249998
0.00249996
0.0025
0.00249997
0.00250003
0.00249993
0.00249994
0.00250004
0.00250001
0.00249997
0.00249999
0.00249997
0.00249994
0.00249999
0.00249999
0.00250003
0.00250003
0.00250002
0.00249998
0.00250005
0.0025
0.00250004
0.0025
0.00250003
0.00249998
0.00249997
0.00250001
0.00250001
0.00249998
0.00249997
0.00249998
0.00250003
0.00249989
0.00249998
0.00249998
0.0025
0.00250001
0.00250003
0.00250004
0.00250003
0.00249999
0.0025
0.00250006
0.00250004
0.00249995
0.00250001
0.00249999
0.0025
0.00249994
0.00249996
0.00249998
0.00249998
0.0025
0.00249997
0.00250002
0.00250002
0.00250006
0.00250002
0.00250002
0.00249999
0.00250002
0.00249997
0.00249997
0.00250005
0.0025
0.00249994
0.00249999
0.00249996
0.0025
0.00249998
0.00250005
0.00249999
0.00249996
0.00249998
0.0025
0.00250001
0.00249995
0.00250007
0.00250006
0.00250003
0.00249998
0.00250003
0.00250004
0.00250003
0.00249999
0.00249998
0.00250001
0.00249999
0.0025
0.00249996
0.00249999
0.00249999
0.00249997
0.00249995
0.00250001
0.00249999
0.00250004
0.00250001
0.00249999
0.00250005
0.00250001
0.00250001
0.00250001
0.0025
0.00249999
0.00249996
0.00249993
0.00249996
0.00249997
0.00249998
0.00249994
0.00250005
0.00249997
0.00249998
0.00250001
0.00250002
0.00250005
0.00250005
0.00250002
0.00250001
0.00250005
0.00250005
0.00250001
0.00250003
0.00250003
0.00249994
0.00249998
0.0025
0.0025
0.00249996
0.0025
0.00249999
0.00249999
0.00249999
0.00250004
0.0025
0.00250002
0.0025
0.00250004
0.00250005
0.00250007
0.00249999
0.00250003
0.00250002
0.00249964
0.00249943
0.00249945
0.00249942
0.00249945
0.00249947
0.00249948
0.00249944
0.00249946
0.00249946
0.00250007
0.00250001
0.00250008
0.00250004
0.00250006
0.00250003
0.0025001
0.00250007
0.0025001
0.00250009
0.00249972
0.00249972
0.00249973
0.00249968
0.00249972
0.00249965
0.00249965
0.0024997
0.00249968
0.00249968
0.00250012
0.00250008
0.00250001
0.00250012
0.00250007
0.00250006
0.0025001
0.00250004
0.00250007
0.0025001
0.0024998
0.00249981
0.00249981
0.00249979
0.00249975
0.00249986
0.00249982
0.00249988
0.00249977
0.00249984
0.00250007
0.00250006
0.00250005
0.00250009
0.00250008
0.00250008
0.0025
0.00250005
0.00250012
0.00250003
0.00249989
0.00249992
0.00249988
0.00249994
0.00249991
0.0024999
0.0024999
0.0024999
0.00249986
0.0024999
0.00249999
0.00250003
0.00250008
0.00249997
0.00250006
0.00249996
0.00250006
0.00250004
0.00250002
0.00250006
0.00249999
0.0025
0.00249998
0.00250004
0.0025
0.0025
0.00249998
0.00249995
0.00250006
0.00249996
0.00250001
0.00249997
0.00249994
0.00249998
0.00249996
0.00250004
0.00250004
0.00249995
0.00249996
0.00249999
0.00250004
0.00250003
0.00249999
0.00250002
0.00249998
0.00249998
0.00249999
0.00249999
0.00249998
0.00249994
0.00249996
0.0025
0.00249998
0.00249996
0.00249995
0.00249999
0.00250001
0.00249997
0.00249999
0.00249996
0.00250006
0.00250006
0.00250002
0.00250001
0.00250007
0.00250003
0.00250005
0.00250007
0.0025
0.0025
0.00250001
0.00250001
0.0025
0.00249999
0.0025
0.00249998
0.0025
0.00249998
0.00250003
0.00249995
0.0025
0.00249996
0.00249996
0.00249999
0.00250002
0.00250004
0.00250002
0.00249995
0.00250003
0.00249999
0.00250001
0.00249995
0.00249994
0.00249994
0.00249999
0.00250001
0.00249994
0.00249995
0.00249993
0.00249997
0.00250009
0.0025
0.00250005
0.00250006
0.00250007
0.00250003
0.00250005
0.00250007
0.00250003
0.00250002
0.00249997
0.00249992
0.00249998
0.00249991
0.00249995
0.00249998
0.00250003
0.00249995
0.00249996
0.00249987
0.00250005
0.00250005
0.00250002
0.00250001
0.00250008
0.00249999
0.00250007
0.00250003
0.00250005
0.00250002
0.00249998
0.0025
0.00249998
0.00249995
0.00249997
0.00249995
0.00249998
0.0025
0.00249998
0.00249998
0.00250003
0.00249999
0.00250002
0.00250001
0.00250001
0.00250002
0.0025
0.00249998
0.00250008
0.00250003
0.00250001
0.00249999
0.00249993
0.00249999
0.0025
0.0025
0.00250002
0.00249995
0.00249994
0.00250001
0.0025
0.00250007
0.00250004
0.00250006
0.00249997
0.00249999
0.00250004
0.00250009
0.00250005
0.0025
0.00250001
0.00249995
0.0025
0.00249996
0.00249998
0.00249999
0.00249995
0.0025
0.00250001
0.00250002
0.00249997
0.00249993
0.00249999
0.00250001
0.00249998
0.00249996
0.00250001
0.00249994
0.00249996
0.00249999
0.00250006
0.00250002
0.00250006
0.00250003
0.00250003
0.00250004
0.00250004
0.00250001
0.00250006
0.00250003
0.00249992
0.00249998
0.00249995
0.00249994
0.00250003
0.00249998
0.00249999
0.00249998
0.00249995
0.00249997
0.00250003
0.00250003
0.00250003
0.00250011
0.00250003
0.0025
0.00249999
0.00249999
0.00250005
0.00250003
0.00249996
0.00250003
0.00249995
0.00249995
0.00249998
0.00249998
0.00250001
0.00249999
0.00250003
0.00249993
0.00250001
0.00250001
0.0025
0.00250004
0.00250006
0.00249997
0.00250001
0.00250004
0.00250005
0.0025
0.00249994
0.00249993
0.00249999
0.00249996
0.00249992
0.00250003
0.00249995
0.00249996
0.00249995
0.00249997
0.00250005
0.00250002
0.00249997
0.00250002
0.0025
0.00250003
0.00250002
0.0025
0.0025
0.00250002
0.00249992
0.00249998
0.00249996
0.00249994
0.0025
0.00249996
0.0025
0.00249996
0.00249997
0.00249992
0.00250004
0.00249998
0.00250004
0.00250003
0.00249999
0.00250002
0.00249999
0.00250008
0.00250004
0.00250003
0.00249999
0.00249999
0.0025
0.00249998
0.00249998
0.00249999
0.0025
0.00249997
0.00250002
0.00249995
0.00250001
0.00249999
0.00250001
0.00250007
0.00250003
0.00250007
0.00249998
0.00250001
0.00249997
0.00250005
0.00249996
0.00249994
0.00249996
0.00250003
0.00249997
0.00249999
0.00249998
0.00249998
0.00249997
0.00249994
0.00250012
0.00250004
0.00249999
0.00249999
0.00250006
0.00250008
0.00250004
0.00249998
0.00250003
0.00250005
0.00250003
0.00250001
0.00250001
0.00250002
0.00249996
0.0025
0.00250002
0.00249996
0.00249995
0.00249999
0.00250004
0.00249997
0.00249997
0.00249995
0.00250001
0.00250001
0.0024999
0.0025
0.00249997
0.00250002
0.00250004
0.0025
0.00250003
0.00250004
0.00250004
0.00250004
0.00250001
0.00250007
0.0025
0.00250007
0.00249991
0.00249995
0.00249998
0.00250002
0.00250001
0.00250002
0.00249998
0.00250002
0.00249999
0.00250001
0.00249999
0.00249997
0.00250002
0.00249996
0.00249998
0.00249997
0.00249996
0.00249997
0.00249998
0.00249999
0.00250003
0.00250001
0.00250005
0.00250002
0.00250004
0.00250002
0.00250003
0.00250004
0.00249998
0.00250003
0.00250004
0.0025
0.00249996
0.00250001
0.00249997
0.00249999
0.00249997
0.00250001
0.00250001
0.00249998
0.00249996
0.0025
0.00249998
0.00249999
0.00249997
0.00249997
0.00249998
0.00249992
0.00249994
0.00249998
0.00250002
0.00250004
0.00250001
0.00250002
0.00250005
0.00250005
0.00250004
0.00250001
0.00250002
0.00250005
0.00250001
0.0025
0.00249999
0.00250002
0.00250003
0.00249997
0.00250002
0.00250001
0.0025
0.00249997
0.00249998
0.00250004
0.00250002
0.00249997
0.00249995
0.00249999
0.00250001
0.00250002
0.00250001
0.00249995
0.00249995
0.00249999
0.00250004
0.00250002
0.00250001
0.00249998
0.0025
0.00250001
0.0025
0.00249999
0.00250003
0.00250001
0.00249999
0.00249997
0.00250002
0.00249998
0.00249998
0.00249995
0.00249998
0.00249998
0.00250001
0.00250006
0.00250003
0.00250003
0.00250005
0.00250009
0.00249999
0.00250001
0.00250004
0.00250003
0.0025
0.0025
0.00249998
0.0025
0.00250001
0.00249998
0.00250002
0.00250001
0.0025
0.00250003
0.00250001
0.00249991
0.00250005
0.00249999
0.00250001
0.00250004
0.00250001
0.00249999
0.00249998
0.00249998
0.00249997
0.00249998
0.00250006
0.00249995
0.00250002
0.00249995
0.00249991
0.00249998
0.00249995
0.00250001
0.00250001
0.0025
0.00249999
0.0025
0.00250003
0.00249999
0.00250002
0.00250011
0.00249998
0.00249997
0.00249997
0.00249999
0.00249998
0.0025
0.00249999
0.00250003
0.00249999
0.00250002
0.00249992
0.00249999
0.00250007
0.00250001
0.00250001
0.0025
0.00250004
0.00250003
0.00250002
0.00250004
0.00249995
0.00250003
0.00249994
0.00250005
0.00249995
0.00249994
0.00249999
0.00250002
0.00249999
0.0025
0.00249995
0.00249998
0.00249998
0.00250007
0.00250004
0.00250005
0.00249999
0.00250003
0.00250001
0.00250003
0.00250003
0.00250005
0.00249998
0.00250003
0.00249998
0.00250001
0.00250001
0.00249996
0.0025
0.00250001
0.00250001
0.00250001
0.00249999
0.00249996
0.00250001
0.00250001
0.00249999
0.00250001
0.00249995
0.00249995
0.00250001
0.00250002
0.00249994
0.00249997
0.00250003
0.00250002
0.00250001
0.00250002
0.00249995
0.00250002
0.00250004
0.00249996
0.00249998
0.00249997
0.00249995
0.00249994
0.00249998
0.0025
0.00250001
0.00249996
0.00249994
0.00250002
0.00249999
0.00250006
0.00250007
0.00250007
0.00250002
0.00249999
0.00250004
0.00250001
0.00250003
0.00250012
0.00250002
0.00249995
0.0025
0.00250001
0.00249999
0.00249994
0.00249999
0.00249997
0.00249997
0.00249999
0.00249996
0.00249997
0.00249999
0.00250004
0.00249997
0.00250001
0.00250001
0.00250003
0.00249999
0.00249994
0.00249994
0.00250005
0.00249998
0.00249995
0.00250003
0.00249995
0.00250002
0.00249996
0.00249997
0.00249997
0.00250006
0.00250002
0.00250003
0.00250003
0.00250003
0.00250003
0.00250001
0.00250002
0.00249995
0.00250005
0.00249997
0.00249998
0.0025
0.00249998
0.00249997
0.00249998
0.00249996
0.00249997
0.00250001
0.0025
0.0025
0.00250006
0.00250003
0.00250003
0.00250004
0.00250004
0.00249995
0.00250004
0.00249999
0.00250002
0.00250001
0.00249997
0.00250001
0.0025
0.00249999
0.00249995
0.00250001
0.00249997
0.00249998
0.00249995
0.00250002
0.00250002
0.00250001
0.00249997
0.00250006
0.00250003
0.00250002
0.00250001
0.00250001
0.00250003
0.00249999
0.00249994
0.0025
0.00249998
0.0025
0.00249993
0.00249995
0.00249999
0.00249999
0.00250001
0.00250006
0.0025
0.00250003
0.0025
0.00250006
0.00250002
0.0025
0.00250005
0.00250005
0.00250006
0.00249993
0.00250001
0.00249994
0.00250001
0.00249997
0.00249998
0.00249997
0.00249999
0.00249999
0.00249995
0.00250002
0.00250003
0.00250003
0.00250002
0.00250005
0.0025
0.00250002
0.00250001
0.00250005
0.00250008
0.00249993
0.0025
0.00249999
0.00249996
0.00249994
0.00249998
0.00249995
0.00249997
0.0025
0.00249999
0.00250003
0.00250005
0.00250004
0.00250003
0.00250003
0.00249996
0.00250005
0.00250002
0.00250002
0.00249999
0.00249999
0.00249995
0.00250001
0.00249998
0.00249999
0.0025
0.00249995
0.00249997
0.00250006
0.00249992
0.00250003
0.00250004
0.00250001
0.00250002
0.00250005
0.00250003
0.00250005
0.00250001
0.00250006
0.00249997
0.0025
0.00249998
0.00249994
0.00250001
0.00249997
0.0025
0.00249999
0.00249998
0.0025
0.00250001
0.00250003
0.00250004
0.00249995
0.00250003
0.00250002
0.00250002
0.00249998
0.00249998
0.00249998
0.00249999
0.00249999
0.00249998
0.00249999
0.00249997
0.00249999
0.00249993
0.00249997
0.00249997
0.0025
0.0025
0.00250002
0.00250002
0.0025
0.00250002
0.00250005
0.00250001
0.00250006
0.0025
0.00249998
0.00250002
0.00249997
0.00250001
0.00250002
0.00249994
0.00250001
0.00249997
0.0025
0.0025
0.00249999
0.00249994
0.00249997
0.00249995
0.00249993
0.00250002
0.00250003
0.00249996
0.00249994
0.00249997
0.00249996
0.00249996
0.00250002
0.00249999
0.00249998
0.00250008
0.00250003
0.00250005
0.00250005
0.00250008
0.00250009
0.00250002
0.00249998
0.00250004
0.0025
0.00249996
0.00249994
0.00250001
0.0025
0.00249999
0.00250003
0.00249995
0.00249998
0.00249999
0.0025
0.00249996
0.00249993
0.00250005
0.00249997
0.00250006
0.0024999
0.00249999
0.00250004
0.00250001
0.00250001
0.00250001
0.00250005
0.0025
0.00250003
0.00250003
0.00250002
0.00249999
0.00249996
0.00249997
0.00249997
0.00249994
0.00249997
0.0025
0.0025
0.00250002
0.00249998
0.00249998
0.00250004
0.00250003
0.00250004
0.00250003
0.00250003
0.00250004
0.00249999
0.00250003
0.00250004
0.0025
0.0025
0.00250003
0.00250002
0.00249999
0.00249998
0.00249991
0.00249999
0.00249998
0.00249999
0.00249997
0.00249996
0.0025
0.00249995
0.00249998
0.00249998
0.00249997
0.0025
0.00249999
0.00250003
0.00249999
0.00249998
0.00250003
0.00250006
0.00249998
0.00250003
0.00250005
0.00250003
0.00250002
0.00250002
0.00250008
0.00250004
0.0025
0.00250002
0.0025
0.00249995
0.00250004
0.0025
0.00249997
0.00249997
0.00249997
0.00249998
0.00249995
0.00249995
0.00249996
0.0025
0.00249997
0.00249995
0.00249993
0.00250002
0.00249998
0.0025001
0.00250004
0.00250003
0.00249999
0.00250008
0.00250008
0.00250006
0.00250003
0.00250003
0.00250003
0.0025
0.00249996
0.00249998
0.00249988
0.00249997
0.00249991
0.00249991
0.00249995
0.00249995
0.00249995
0.00250007
0.00250001
0.00250003
0.00250005
0.0025001
0.00250007
0.00250002
0.00250005
0.0025
0.00250004
0.00249991
0.00249995
0.00249997
0.00250002
0.00249997
0.00249994
0.00249998
0.00249997
0.00249999
0.00249996
0.00250008
0.00250002
0.00250008
0.00249995
0.00250003
0.0025
0.00250006
0.00250001
0.00250007
0.0025
0.00249992
0.00249999
0.00250001
0.00250002
0.00250002
0.00249997
0.00249997
0.00249995
0.00249999
0.00250004
0.0025
0.00250003
0.00250006
0.00250005
0.00250008
0.00250004
0.00250001
0.00250001
0.00250003
0.00250003
0.00249998
0.00249997
0.0024999
0.00249998
0.00250006
0.00249998
0.00250001
0.00249993
0.00249999
0.0025
0.00249998
0.00249998
0.00249998
0.00249995
0.0025
0.00250004
0.00249999
0.00250003
0.00250003
0.0025
0.00250001
0.00249995
0.00249996
0.00249998
0.00249997
0.00250001
0.00249995
0.00250003
0.00250004
0.00249996
0.00250007
0.00250002
0.00250006
0.00250001
0.00250009
0.00250001
0.00250001
0.00250008
0.00250002
0.00250003
0.00249992
0.00249989
0.0024999
0.00249995
0.00249991
0.00249997
0.00249994
0.0024999
0.00249991
0.00249996
0.00250007
0.00250008
0.00250012
0.00250007
0.00250008
0.00250006
0.00250005
0.00250009
0.00250004
0.00250011
0.00249986
0.0024999
0.00249995
0.00249995
0.00249998
0.00249992
0.00249991
0.00249991
0.00249994
0.0024999
0.0025001
0.00250007
0.00250008
0.00250007
0.00250006
0.00250006
0.0025001
0.00250013
0.00250007
0.00250006
0.00249992
0.00249995
0.00249998
0.00249999
0.00249995
0.00249992
0.00249995
0.00249997
0.00249992
0.00249991
0.00249998
0.00250007
0.00250008
0.00250005
0.00250002
0.00250002
0.0025
0.0025001
0.00249999
0.00250003
0.00250001
0.00249996
0.00249995
0.00249997
0.00249995
0.0025
0.00250001
0.00249999
0.00249996
0.00249995
0.0025
0.00250009
0.0025
0.00250004
0.00250002
0.00250003
0.00250003
0.00250002
0.00250004
0.00250002
0.00249992
0.00250003
0.00249998
0.00250005
0.00250003
0.00249999
0.00250003
0.00250002
0.00249997
0.00250001
0.00250005
0.00249999
0.0025
0.00250007
0.0025
0.00250002
0.00250001
0.0025
0.0025
0.00249995
0.00250001
0.00250001
0.00249997
0.00250003
0.00249999
0.0025
0.00249996
0.0025
0.0025
0.00249998
0.00250006
0.00249999
0.00250001
0.0025
0.00250001
0.0025
0.00249997
0.0025
0.00249996
0.00249997
0.00250005
0.00249998
0.00250003
0.00249995
0.00249999
0.00249999
0.00250003
0.00249998
0.0025
0.00249995
0.0025
0.00249996
0.00249999
0.00250005
0.00249998
0.00249995
0.00249998
0.00249997
0.00249998
0.00249998
0.00249998
0.00249998
0.00250002
0.00249999
0.0025
0.00249998
0.00249992
0.00250001
0.00249997
0.0025
0.00250008
0.00250003
0.00250008
0.00250006
0.00250001
0.00250007
0.00249998
0.00249998
0.0025
0.00249999
0.00249995
0.0025
0.00249996
0.00249998
0.00250001
0.00249998
0.00249999
0.00249995
0.00249999
0.00249999
0.00250006
0.0025001
0.00250002
0.00249999
0.00250002
0.00250002
0.00250006
0.00250008
0.00250005
0.00250003
0.00249996
0.00249996
0.00249991
0.00249996
0.00249998
0.00249991
0.00249996
0.00249997
0.00249993
0.00249995
0.00250005
0.00250002
0.00250003
0.00250009
0.00250011
0.00250004
0.00250008
0.00250006
0.00250005
0.00250006
0.00249996
0.00249995
0.00249992
0.00249993
0.00249992
0.00249997
0.00249993
0.00249993
0.00249993
0.00249993
0.00250003
0.00250006
0.0025001
0.0025
0.0025
0.00250003
0.00250006
0.00249997
0.00250007
0.00250001
0.0025
0.00249996
0.00249997
0.00249997
0.00249999
0.00250001
0.00249999
0.00250002
0.00249998
0.00249994
0.00250001
0.00250005
0.00249999
0.0025
0.00250003
0.00250005
0.00250001
0.00250003
0.00250001
0.00250002
0.00249998
0.00249997
0.00249996
0.00250001
0.00249998
0.00250002
0.00249999
0.0025
0.00249998
0.0025
0.00249997
0.0025
0.00249998
0.00249994
0.00250054
0.00250048
0.00250045
0.00250048
0.00250048
0.00250046
0.00250016
0.00250017
0.00250018
0.00250018
0.00250016
0.00250018
0.00250016
0.00250017
0.00250018
0.00250017
0.00250021
0.00250013
0.00250013
0.0025002
0.00250016
0.00250019
0.00250016
0.00250013
0.00250019
0.00250011
0.0025001
0.00250007
0.00250011
0.00250011
0.00250008
0.00250005
0.00250003
0.00250007
0.00250009
0.00250009
0.00250008
0.00250008
0.00250005
0.00250008
0.00250006
0.00250005
0.00250011
0.00250011
0.00250008
0.00250007
0.00250005
0.00250002
0.00250003
0.00249999
0.00250001
0.00250002
0.00250002
0.00250003
0.0025
0.00250007
0.00250007
0.00249999
0.00250005
0.00250003
0.00250005
0.00250005
0.00250005
0.0025
0.00250005
0.00250001
0.00250005
0.00250002
0.00250001
0.00250004
0.00250006
0.00250005
0.00250003
0.00250009
0.00250001
0.00249999
0.00249998
0.00249993
0.00250003
0.00250003
0.00249996
0.00249999
0.00250002
0.0025
0.00249997
0.00250001
0.00250009
0.00250006
0.00249998
0.00250004
0.00250001
0.00250007
0.00249999
0.00250006
0.0025
0.00250007
0.0025
0.00250002
0.00250006
0.00249999
0.00249998
0.00250002
0.00249998
0.00250003
0.00249995
0.00250003
0.00249995
0.0025
0.00249996
0.00250004
0.00250003
0.00249995
0.00249996
0.00249996
0.00250002
0.00250001
0.00250001
0.00250005
0.00250006
0.00250005
0.00250003
0.00250003
0.00250005
0.00250001
0.00249997
0.00249999
0.00249995
0.00249998
0.00250003
0.00250001
0.00249999
0.00250002
0.00249995
0.00249992
0.00249997
0.00249995
0.00250006
0.00250002
0.0025
0.00250002
0.00250001
0.00250001
0.00250004
0.0025
0.00250004
0.00249996
0.00250001
0.00250002
0.00250001
0.00249995
0.00249997
0.00249999
0.00250005
0.00250001
0.00249998
0.00250003
0.00249997
0.00249995
0.00249997
0.0025
0.00249998
0.00249997
0.00249998
0.0025
0.00249998
0.00249997
0.0025
0.00250003
0.00250003
0.00249998
0.00250004
0.00250003
0.00250004
0.00250007
0.00250003
0.00250001
0.00249998
0.0025
0.00249999
0.00250001
0.00249994
0.00249996
0.00249998
0.00250002
0.00249996
0.00250005
0.00249998
0.00249997
0.00249997
0.00249996
0.00249999
0.00249998
0.00249996
0.00249997
0.0025
0.00249995
0.00250004
0.00250002
0.00250004
0.00250007
0.00250006
0.0025
0.0025
0.00249992
0.00250001
0.00250003
0.00249998
0.00249996
0.00249997
0.00250004
0.00249995
0.00249999
0.00249994
0.00249998
0.00250001
0.00249999
0.0025001
0.00250002
0.0025
0.00250001
0.00250004
0.00249998
0.00249992
0.00250001
0.00250002
0.00250002
0.00250002
0.00249997
0.0025
0.00249994
0.00249999
0.00249999
0.00249999
0.00249995
0.00249994
0.00250001
0.00249999
0.00250003
0.0025001
0.00250005
0.00250005
0.00250001
0.00250004
0.0025
0.00250004
0.00250004
0.00250003
0.00249999
0.0025
0.00249998
0.00249997
0.00249998
0.00250002
0.00249999
0.0025
0.00249998
0.00249998
0.00249992
0.00250001
0.00249999
0.00249997
0.00249994
0.00249998
0.00249999
0.00249998
0.0025
0.00250005
0.00250002
0.00250003
0.00250003
0.00250007
0.00250002
0.00250004
0.00250003
0.00250003
0.00250001
0.00249999
0.00249999
0.00249999
0.00249992
0.00249997
0.00250001
0.00250001
0.00249998
0.00250004
0.00250006
0.00249998
0.00249999
0.00249994
0.00250008
0.00249998
0.00249999
0.00249996
0.00249995
0.00249998
0.00249999
