-0.000366181
0.000242165
-0.000253573
0.000206891
-0.000196531
0.000111526
-6.7991e-5
1.5375e-5
1.21295e-6
-7.31051e-6
-8.2612e-6
-2.27839e-5
4.97311e-5
-3.016e-5
2.53081e-5
-2.07841e-5
-3.34382e-6
1.25557e-5
-7.96616e-6
-7.73668e-6
6.9499e-6
-2.36034e-6
-5.4419e-6
-2.45869e-6
5.38945e-5
-7.12693e-5
7.90387e-5
-7.85142e-5
6.75649e-5
-6.13689e-5
7.1761e-5
-8.83162e-5
8.45462e-5
-7.03842e-5
7.28101e-5
-9.50366e-5
7.58916e-5
1.47522e-6
-1.19984e-5
8.94964e-6
-4.22895e-6
-1.66535e-5
1.6129e-5
-1.82599e-5
9.67085e-6
-2.8193e-6
-1.82927e-5
2.54065e-5
-1.92761e-5
2.0358e-5
-7.01547e-6
2.262e-6
2.11448e-5
-4.90755e-5
6.86467e-5
-8.2022e-5
0.000108576
-0.000138277
9.92984e-5
-5.24193e-5
1.75387e-5
5.67138e-6
1.00315e-5
6.3926e-6
-4.03225e-6
-3.47495e-6
-8.49068e-6
8.39233e-6
2.10792e-5
-4.54694e-5
4.63218e-5
-2.76357e-5
1.94728e-5
-3.74377e-5
1.78337e-5
1.96695e-7
1.52439e-5
1.17689e-5
-3.46512e-5
2.89142e-5
-3.26514e-5
2.8193e-5
4.19617e-6
-4.8846e-5
4.45843e-5
-1.82927e-5
1.78993e-5
2.80619e-5
-4.96e-5
2.77668e-5
-3.59952e-5
4.98623e-5
-6.73026e-5
0.00011169
-0.000125262
0.000128278
-0.00012123
0.000105789
-0.000114149
0.000125229
-0.00013018
0.000117099
-0.00011169
0.000123492
-0.000103232
3.89129e-5
8.91686e-6
-1.67519e-5
3.55363e-5
-5.81235e-5
5.97298e-5
-4.39942e-5
3.17663e-5
-4.32402e-5
2.90453e-5
6.06477e-6
-2.95043e-5
4.73052e-5
-4.46171e-5
3.01272e-5
-4.21912e-5
6.05166e-5
-2.72423e-5
3.08484e-5
-5.34684e-5
3.91752e-5
-2.0358e-5
4.08471e-5
-4.35352e-5
4.17322e-5
-1.85549e-5
-3.32087e-5
4.95017e-5
-4.06504e-5
5.85824e-5
-8.40873e-5
7.31051e-5
-2.39968e-5
-7.11382e-6
-1.85221e-5
4.206e-5
-1.84894e-5
-7.67112e-6
-6.91712e-6
4.48465e-5
-3.00944e-5
-2.86847e-5
4.41253e-5
-2.93732e-5
4.96e-5
-8.56936e-5
8.00222e-5
-4.03225e-5
7.21216e-6
4.98295e-6
-8.52347e-6
-1.09494e-5
4.82887e-5
-4.81576e-5
3.40283e-5
-1.01954e-5
1.54078e-6
-2.95043e-7
3.24547e-6
-1.34081e-5
8.19564e-6
-1.35064e-5
-8.78573e-6
4.7797e-5
-3.17663e-5
-6.45816e-6
6.1959e-6
-2.00957e-5
5.90086e-5
-9.66102e-5
7.8547e-5
-1.60635e-5
3.76999e-6
2.91765e-6
-1.01298e-5
8.91686e-6
7.21216e-7
-2.09153e-5
-3.11434e-6
4.03881e-5
-2.57999e-5
-4.26173e-6
-1.24574e-5
5.46813e-5
-7.50065e-5
8.84146e-5
-7.18922e-5
7.34329e-5
-8.07762e-5
8.82834e-5
-6.63847e-5
2.68817e-5
-1.36048e-5
-7.7039e-6
1.80304e-6
-6.75321e-6
-6.35982e-6
1.77354e-5
-5.31077e-6
1.09166e-5
-1.27524e-5
-5.70417e-6
-3.5733e-6
7.04825e-6
-1.01626e-6
2.9406e-5
-1.61946e-5
5.99921e-6
-3.96669e-6
1.29819e-5
-3.27826e-6
-2.42591e-6
1.87188e-5
-4.29452e-5
1.27196e-5
2.75373e-6
1.33753e-5
-4.42565e-6
5.86808e-6
6.68764e-6
1.3113e-7
6.55651e-8
-4.03225e-6
-9.73642e-6
6.06477e-6
-4.72069e-6
1.90139e-5
-5.82874e-5
7.60228e-5
-8.76933e-5
7.55966e-5
-7.31379e-5
6.37293e-5
-4.48465e-5
1.31786e-5
1.47849e-5
7.40886e-6
1.55062e-5
-3.96013e-5
6.91712e-6
1.21295e-6
1.51455e-5
6.32703e-6
2.61933e-5
-6.14673e-5
3.36021e-5
9.93312e-6
-6.66797e-5
8.00878e-5
-7.51376e-5
7.19249e-5
-6.00249e-5
3.05206e-5
-6.98268e-6
1.62929e-5
2.94387e-5
-4.96984e-5
1.34736e-5
-1.34408e-6
2.52426e-5
-3.50446e-5
2.96027e-5
-3.5733e-5
3.51101e-5
-4.45187e-5
3.22253e-5
6.78599e-6
-3.29465e-5
4.53055e-5
-2.52098e-5
2.83569e-5
-3.78966e-5
3.64542e-5
-4.26829e-5
3.91424e-5
-3.82572e-5
2.32428e-5
1.19656e-5
-1.80632e-5
4.1765e-5
-5.38945e-5
5.1862e-5
-5.94348e-5
5.93364e-5
-3.34382e-5
3.59625e-5
-2.33084e-5
-5.31077e-6
1.93417e-6
-2.41607e-5
3.83228e-5
-4.09454e-5
4.0257e-5
-1.07199e-5
-2.12431e-5
3.90112e-5
-5.11408e-5
3.32087e-5
-4.92066e-5
5.07146e-5
-2.90126e-5
5.37962e-5
-6.17296e-5
5.4583e-5
-3.40939e-5
7.08759e-5
-9.6643e-5
5.85496e-5
-2.09481e-5
9.63807e-6
-1.71125e-5
5.27799e-5
-8.37922e-5
6.93023e-5
-2.80619e-5
1.48177e-5
-2.14398e-5
-1.00642e-5
3.02583e-5
-1.64241e-5
3.60608e-7
-1.05232e-5
2.53737e-5
7.76947e-6
-8.42512e-6
-2.71767e-5
4.53711e-5
-1.43588e-5
1.53422e-5
-4.58956e-6
1.13755e-5
-6.77943e-5
7.46131e-5
-9.4381e-5
6.33359e-5
-3.17335e-5
4.27812e-5
-1.65224e-5
-1.72108e-5
7.08103e-6
9.57251e-6
9.93312e-6
-9.34303e-6
-8.35955e-6
5.96643e-6
-1.39982e-5
1.99974e-5
-3.36677e-5
5.07474e-5
-2.09153e-5
-5.47469e-6
-1.09166e-5
7.63834e-6
-3.99947e-6
-3.50773e-6
-1.83582e-5
6.97941e-5
-7.44164e-5
8.01534e-5
-7.34001e-5
5.47141e-5
-1.59651e-5
-3.60608e-6
-1.10477e-5
7.50721e-6
-7.9006e-6
-1.88172e-5
7.20888e-5
-7.5531e-5
6.89745e-5
-5.92053e-5
7.0253e-5
-5.08457e-5
-1.80304e-6
6.75321e-6
1.30147e-5
-7.08103e-6
-8.2612e-6
-6.22869e-7
-1.44571e-5
7.73668e-6
2.65539e-6
-1.01954e-5
-1.3113e-7
4.68791e-6
-1.64568e-5
4.25845e-5
-1.95056e-5
-2.52426e-6
1.02282e-5
2.4882e-5
-4.56989e-5
2.83569e-5
-1.0851e-5
6.68764e-6
-2.8193e-6
1.55717e-5
-6.32703e-6
3.27826e-7
1.18345e-5
3.47495e-6
-4.86821e-5
9.32008e-5
-0.000129983
0.000107625
-7.98583e-5
9.08405e-5
-9.92328e-5
9.3627e-5
-8.37594e-5
8.40545e-5
-7.34985e-5
2.87175e-5
1.83582e-6
1.21295e-5
1.10477e-5
-3.69787e-5
3.17991e-5
-5.44518e-5
8.93653e-5
-7.80881e-5
1.72764e-5
7.21216e-6
3.15696e-5
-5.03868e-5
4.26829e-5
-5.72383e-5
8.00878e-5
-7.96616e-5
7.70062e-5
-5.79596e-5
1.36375e-5
2.1866e-5
-3.47823e-5
1.77354e-5
2.33412e-5
-4.48465e-5
4.30435e-5
-4.20272e-5
3.9798e-5
-4.06504e-5
7.63834e-6
8.06451e-6
1.95056e-5
-5.90414e-5
8.3366e-5
-4.80264e-5
2.69473e-5
-3.82572e-5
1.00315e-5
2.46853e-5
-2.92748e-5
1.78993e-5
-1.47522e-6
2.56687e-5
-4.13716e-5
3.21925e-5
-5.11736e-5
3.72738e-5
2.03252e-6
-5.80251e-6
1.5834e-5
-3.09467e-5
2.68161e-5
-2.46525e-5
2.13742e-5
1.43588e-5
-4.03553e-5
6.0156e-5
-6.96629e-5
4.20928e-5
-4.37647e-5
3.56019e-5
1.27852e-5
-5.37306e-5
3.5274e-5
1.77681e-5
-2.55376e-5
3.93719e-5
-3.77655e-5
1.94728e-5
-1.58668e-5
4.16666e-5
-4.15027e-5
5.39929e-5
-5.40912e-5
4.78298e-5
-5.08785e-5
3.96997e-5
-4.21912e-5
6.67781e-5
-8.74966e-5
6.93023e-5
-4.66496e-5
2.5472e-5
-2.31773e-5
4.54366e-5
-3.35366e-5
1.92434e-5
-4.38631e-5
3.35693e-5
-5.48124e-5
9.15617e-5
-2.93076e-5
-1.60635e-5
3.80933e-5
-4.37319e-5
4.51416e-5
-5.62549e-5
5.39929e-5
-3.94374e-5
2.33084e-5
-4.90755e-5
3.37333e-5
-1.2064e-5
1.24902e-5
-2.93404e-5
4.33058e-5
-4.35025e-5
5.13703e-5
-3.53396e-5
3.42906e-5
-3.84212e-5
5.86808e-5
-9.21518e-5
6.75649e-5
-4.53383e-5
3.10779e-5
-1.73092e-5
2.5472e-5
-1.78337e-5
4.83215e-5
-0.00010297
0.00012477
-0.000131392
0.00012641
-0.00012182
0.000122148
-0.000116181
0.00010297
-0.000110149
0.000111461
-0.000108281
0.000106445
-0.000117853
0.000125754
-0.000106412
9.96918e-5
-0.000105658
9.59873e-5
-5.76973e-5
4.25518e-5
-3.05533e-5
2.54065e-5
-1.37687e-5
-7.99894e-6
3.4979e-5
-4.41581e-5
3.57002e-5
-4.27812e-5
5.55337e-5
-3.13073e-5
-1.22279e-5
3.22908e-5
-8.29399e-6
-2.65867e-5
5.87463e-5
-8.94308e-5
7.60883e-5
-4.06832e-5
5.18292e-5
-0.000101691
0.000127885
-0.00011605
5.64516e-5
-3.86834e-5
5.14358e-5
-2.45541e-5
-5.27799e-6
4.30107e-5
-4.4027e-5
5.45174e-5
-7.50721e-5
5.27471e-5
-3.22253e-5
3.60936e-5
-2.87503e-5
-3.452e-5
3.77983e-5
-3.98636e-5
4.97967e-5
-3.30776e-5
4.06176e-5
-3.63559e-5
4.03225e-5
-4.6289e-5
5.07802e-5
-3.6487e-5
1.99318e-5
-1.55389e-5
5.40912e-6
-3.08156e-6
-1.57684e-5
4.47482e-5
-2.27839e-5
1.96695e-6
-7.27773e-6
-1.79648e-5
4.23878e-5
-1.72764e-5
-8.62181e-6
-9.47416e-6
4.97639e-5
-3.97652e-5
9.0152e-6
-1.79321e-5
4.71085e-5
-2.18004e-5
-2.35379e-5
5.75006e-5
-8.14647e-5
7.51048e-5
-9.37581e-5
9.68397e-5
-9.61185e-5
7.69079e-5
-3.31104e-5
4.68791e-5
-7.25478e-5
7.68751e-5
-5.53042e-5
7.63506e-5
-8.13335e-5
9.06766e-5
-7.72029e-5
1.67519e-5
-2.36034e-6
-1.11461e-6
-1.92761e-5
5.4878e-5
-8.36611e-5
7.63834e-5
-2.7144e-5
-9.70364e-6
1.21623e-5
-1.81943e-5
9.31025e-6
-1.5834e-5
6.9958e-5
-7.08431e-5
6.72698e-5
-6.43194e-5
7.15643e-5
-9.04143e-5
8.23498e-5
-8.05795e-5
7.62522e-5
-6.69092e-5
7.71374e-5
-6.44833e-5
1.84238e-5
-2.42591e-6
2.6226e-7
-7.47442e-6
1.60307e-5
-9.17912e-6
1.85549e-5
-1.11133e-5
-2.29478e-6
8.19564e-7
1.38015e-5
1.01626e-6
-1.47849e-5
6.26147e-6
-1.3113e-7
-5.31077e-6
-1.73748e-6
2.39313e-5
-5.54681e-5
6.845e-5
-6.06477e-5
7.39247e-5
-6.99908e-5
5.05835e-5
-5.84841e-5
8.0055e-5
-6.7237e-5
2.34067e-5
1.47522e-5
-4.50432e-5
4.19617e-5
5.80251e-6
-5.13703e-5
9.0906e-5
-7.2515e-5
1.81943e-5
-1.38342e-5
9.37581e-6
1.81288e-5
-5.08785e-5
6.73682e-5
-9.01193e-5
9.0611e-5
-6.47456e-5
9.73642e-6
5.57303e-7
3.06517e-5
3.17335e-5
-6.81222e-5
2.09481e-5
2.03908e-5
-3.7536e-5
5.03212e-5
-7.48098e-5
8.29727e-5
-8.0055e-5
8.62181e-5
-6.73682e-5
1.22935e-5
1.25229e-5
-9.37581e-6
1.14083e-5
3.14713e-6
9.34303e-6
-5.14686e-6
-7.21216e-7
1.84238e-5
-5.3665e-5
3.92079e-5
-1.40965e-6
1.3113e-7
-7.67112e-6
-1.20968e-5
1.73748e-6
-1.64568e-5
2.86847e-5
-6.22869e-6
-3.34382e-6
-6.35982e-6
2.68817e-6
-8.6546e-6
1.03921e-5
2.27839e-5
-4.37319e-5
3.14385e-5
-2.68817e-6
5.73695e-6
2.6226e-7
1.52767e-5
-5.27471e-5
2.81602e-5
1.63913e-6
6.03199e-6
6.35982e-6
-7.53999e-7
9.83477e-8
1.28508e-5
-4.32074e-5
1.36375e-5
1.42276e-5
1.00642e-5
-5.31405e-5
7.87437e-5
-7.39247e-5
3.80606e-5
3.83556e-6
1.19984e-5
-2.59638e-5
1.74731e-5
-4.16338e-5
2.71112e-5
6.03199e-6
1.58995e-5
-5.43863e-5
2.93404e-5
1.18345e-5
-2.52426e-6
2.98977e-5
-5.65171e-5
2.87175e-5
1.29491e-5
-5.76645e-5
9.21846e-5
-7.7039e-5
5.40584e-5
-3.00616e-5
2.5472e-5
-3.53724e-5
3.78311e-5
-3.54052e-5
2.71112e-5
-4.24862e-5
4.06176e-5
-3.97652e-5
2.96682e-5
2.02596e-5
-4.12405e-5
2.83569e-5
-1.02609e-5
-1.96695e-6
1.07527e-5
-2.3669e-5
3.66509e-5
-4.73052e-5
3.65526e-5
-2.5177e-5
2.85208e-5
-3.31104e-5
2.64883e-5
-4.96656e-5
9.69052e-5
-0.000125131
0.000118738
-5.55992e-5
3.07828e-5
-2.59638e-5
2.53737e-5
-4.23551e-5
3.9798e-5
-2.17021e-5
2.56687e-5
-3.52085e-5
2.64227e-5
-1.41948e-5
2.64883e-5
-3.27498e-5
3.89129e-5
-3.81917e-5
1.52439e-5
-3.70115e-5
5.11408e-5
-4.05192e-5
1.87844e-5
5.93364e-6
-3.38644e-5
5.1108e-5
-2.97338e-5
4.75019e-5
-5.24193e-5
1.72108e-5
-2.91109e-5
3.32743e-5
-1.03265e-5
1.52767e-5
-3.62247e-5
4.74364e-5
-4.55678e-5
4.63218e-5
-2.66522e-5
2.4718e-5
-2.67834e-5
3.03239e-5
-1.97351e-5
1.27852e-6
-1.86205e-5
5.31733e-5
-5.8648e-5
4.38631e-5
-5.28455e-5
6.77615e-5
-5.83202e-5
5.28455e-5
-2.55376e-5
-1.24574e-5
5.52386e-5
-0.000102216
0.000109494
-9.36926e-5
6.45161e-5
-4.69118e-5
4.26501e-5
-2.21282e-5
-1.52111e-5
4.98951e-5
-4.81904e-5
4.08471e-5
-4.17322e-5
3.24547e-5
-2.78324e-5
3.85195e-5
-4.02898e-5
4.34697e-5
-4.06176e-5
4.08471e-5
-4.34697e-5
4.72724e-5
-3.36677e-5
-1.89811e-5
4.583e-5
-3.69787e-5
3.39627e-5
-3.75032e-5
4.03553e-5
-2.9996e-5
-1.3572e-5
4.3568e-5
-3.74049e-5
3.26842e-5
-2.90453e-5
-1.19984e-5
3.58641e-5
-2.41607e-5
-8.22842e-6
4.90755e-5
-3.13401e-5
-1.14411e-5
3.26842e-5
-5.70417e-6
-1.76042e-5
1.40637e-5
-2.01613e-5
-1.11789e-5
4.08471e-5
-3.95358e-5
5.22554e-5
-2.73407e-5
-8.52347e-6
-1.94401e-5
5.13047e-5
-5.62549e-5
5.30422e-5
-2.86192e-5
-1.7342e-5
4.52071e-5
-1.95384e-5
-2.69145e-5
3.63559e-5
-1.4326e-5
-6.91712e-6
-2.39313e-5
5.52714e-5
-3.64542e-5
-1.38342e-5
4.99606e-5
-3.20613e-5
-1.80632e-5
6.4221e-5
-7.93338e-5
6.62536e-5
-3.00944e-5
6.88434e-7
-1.18673e-5
4.72397e-5
-3.7995e-5
3.70443e-6
-2.20299e-5
4.30107e-5
-1.61946e-5
-2.3374e-5
4.61251e-5
-4.52399e-5
3.96997e-5
-2.41607e-5
-6.32703e-6
1.40965e-6
-5.76973e-6
4.27157e-5
-3.84212e-5
-9.80199e-6
4.8551e-5
-3.37333e-5
-6.55651e-7
-1.28835e-5
4.93705e-5
-3.68148e-5
6.22869e-7
-1.80304e-6
-7.37608e-6
4.63218e-5
-2.08825e-5
2.53737e-5
-7.49737e-5
6.55979e-5
-1.45882e-5
1.34408e-5
-1.76042e-5
-5.31077e-6
7.7039e-6
-1.77026e-6
-7.60555e-6
6.55651e-8
-2.15381e-5
6.51062e-5
-5.62549e-5
6.50078e-5
-8.32677e-5
8.26448e-5
-0.000114575
0.000149784
-0.000158963
0.000160274
-0.000160307
0.000151423
-0.000128376
9.3627e-5
-8.97259e-5
8.87424e-5
-6.61224e-5
7.47115e-5
-8.24154e-5
7.67768e-5
-5.41568e-5
9.83477e-6
1.01626e-5
-1.37687e-6
6.22869e-6
-9.50694e-6
1.9604e-5
-1.31458e-5
1.86861e-6
-1.94073e-5
1.7637e-5
-2.91765e-6
-4.16338e-6
8.4579e-6
-8.19564e-7
2.22921e-6
-1.74731e-5
-8.39233e-6
-2.09808e-6
2.6226e-6
1.12772e-5
2.27839e-5
-2.08497e-5
5.57303e-6
-3.21269e-6
-4.75347e-6
1.18345e-5
3.47495e-6
4.8846e-6
1.63913e-7
-4.78625e-6
1.40965e-5
3.27826e-6
-5.45502e-5
5.85496e-5
-7.84814e-5
9.34303e-5
-9.68725e-5
9.30369e-5
-6.69748e-5
7.15315e-5
-6.98268e-5
8.98898e-5
-7.75308e-5
2.22921e-5
1.72108e-5
-6.60569e-5
7.76291e-5
-4.21256e-5
1.11789e-5
8.2612e-6
1.79648e-5
-5.25177e-5
2.58982e-5
-1.67191e-6
9.99868e-6
6.49095e-6
-1.2818e-5
6.35982e-6
1.35064e-5
-4.89771e-5
3.01272e-5
1.05232e-5
-3.40939e-6
-1.6588e-5
1.50472e-5
-1.11789e-5
1.11133e-5
-1.04904e-5
1.62274e-5
2.22921e-6
-4.76658e-5
8.21203e-5
-8.55625e-5
9.00865e-5
-8.44479e-5
2.25544e-5
1.44243e-5
5.57303e-7
-5.57303e-7
1.21623e-5
-6.02871e-5
7.1007e-5
-6.98596e-5
7.67768e-5
-8.39561e-5
9.05782e-5
-7.92354e-5
6.90073e-5
-7.50721e-5
6.83516e-5
-6.00249e-5
7.77274e-5
-6.03855e-5
2.20627e-5
8.85129e-6
-4.45843e-6
1.33097e-5
-5.8648e-5
7.29412e-5
-7.0253e-5
6.93023e-5
-5.72056e-5
1.73748e-5
-1.70469e-6
4.45843e-6
-7.08103e-6
7.86781e-7
2.25544e-5
-8.51691e-5
8.87752e-5
-7.976e-5
7.60883e-5
-6.99252e-5
7.81536e-5
-8.09729e-5
6.53684e-5
-3.68148e-5
-2.6226e-7
2.99305e-5
-1.14083e-5
5.8353e-6
-8.68738e-6
-5.27799e-6
1.9145e-5
-1.47522e-6
-4.49121e-6
1.09494e-5
8.85129e-6
1.30147e-5
-4.82231e-5
2.75701e-5
2.52426e-6
2.9996e-5
-4.84854e-5
1.92434e-5
-2.52426e-6
3.60936e-5
-6.13689e-5
3.36349e-5
-3.98964e-5
9.7692e-6
1.32442e-5
-1.4326e-5
9.34303e-6
1.46866e-5
-1.47522e-6
-5.27799e-6
3.57658e-5
-4.94361e-5
3.90112e-5
-4.46171e-5
4.21912e-5
-7.222e-5
0.000101823
-0.00010438
9.28402e-5
-9.11683e-5
9.11027e-5
-7.37608e-5
3.10123e-5
-2.36034e-6
2.01941e-5
-3.92407e-5
1.42276e-5
-6.88434e-7
2.12759e-5
-7.53999e-7
6.55651e-7
7.27773e-6
-5.47797e-5
8.13335e-5
-4.93378e-5
1.44243e-5
1.26213e-5
-3.62575e-5
2.64883e-5
-6.05494e-5
9.63152e-5
-8.13991e-5
4.29779e-5
4.65512e-6
-4.79281e-5
2.68489e-5
-8.49068e-6
2.27511e-5
1.06543e-5
-2.93732e-5
2.01285e-5
1.63257e-5
-3.48151e-5
2.7734e-5
-4.06504e-5
3.63886e-5
-5.72056e-5
8.18253e-5
-5.50747e-5
4.66168e-5
-5.41896e-5
3.69787e-5
-3.41922e-5
2.17021e-5
1.29163e-5
-3.27498e-5
2.45214e-5
4.03225e-6
-1.25557e-5
2.13414e-5
-4.04209e-5
2.52426e-5
1.44243e-6
2.40624e-5
-4.49121e-5
2.60294e-5
6.03199e-6
-5.67466e-5
7.94649e-5
-6.89089e-5
5.10097e-5
-3.47495e-5
1.92434e-5
1.5834e-5
-3.69459e-5
2.56687e-5
-4.91738e-6
1.22935e-5
-3.07173e-5
2.23577e-5
1.63913e-6
1.61618e-5
-5.13375e-5
3.1209e-5
1.21623e-5
-4.64529e-5
3.70443e-5
4.68791e-6
-2.47836e-5
2.91437e-5
-4.87149e-5
3.32743e-5
6.98268e-6
1.70797e-5
-3.70115e-5
3.58969e-5
-3.7536e-5
3.00288e-5
-2.26527e-5
2.75046e-5
-2.91109e-5
3.00944e-5
-4.56005e-5
3.38972e-5
-5.47469e-5
9.28074e-5
-6.4975e-5
2.30461e-5
7.76947e-6
-2.27839e-5
2.70128e-5
-4.61906e-5
3.36021e-5
1.54406e-5
-4.27812e-5
2.86847e-5
-2.95043e-7
1.57684e-5
-2.80619e-5
4.63545e-5
-6.1205e-5
3.76672e-5
-4.19945e-5
3.46839e-5
-3.13073e-5
3.47495e-5
-3.11762e-5
3.5274e-5
-2.32101e-5
7.9006e-6
3.34054e-5
-4.75347e-5
3.20613e-5
-2.17348e-5
4.15683e-5
-4.06832e-5
4.05848e-5
-5.09441e-5
3.19302e-5
-2.51442e-5
1.131e-5
2.72095e-6
2.65539e-5
-3.59952e-5
3.2258e-5
-4.07815e-5
4.3568e-5
-2.04235e-5
-3.08156e-5
4.63873e-5
-4.49449e-5
4.04865e-5
-5.53042e-5
5.23865e-5
-3.46184e-5
1.24902e-5
2.95371e-5
-3.32743e-5
2.22594e-5
-3.56674e-5
5.90742e-5
-3.90112e-5
3.68148e-5
-4.00603e-5
4.22239e-5
-5.88447e-5
5.59926e-5
-3.87162e-5
6.34015e-5
-9.50366e-5
5.74678e-5
-1.40965e-5
-1.20312e-5
4.07487e-5
-3.82245e-5
4.77642e-5
-5.15014e-5
3.55363e-5
-4.23223e-5
5.14686e-5
-2.639e-5
-9.34303e-6
3.48806e-5
-4.49449e-5
4.23551e-5
-2.45214e-5
7.17938e-6
-3.86506e-5
4.51416e-5
-1.63913e-5
-1.27852e-5
4.89116e-5
-4.47154e-5
3.09467e-5
-5.04196e-5
3.94046e-5
-3.20286e-5
4.34041e-5
-1.60635e-5
-2.05219e-5
2.43574e-5
-1.6883e-5
3.35693e-5
-4.29124e-5
4.74036e-5
-4.86821e-5
4.15027e-5
-3.20613e-5
5.33372e-5
-0.00011133
0.000123557
-9.12011e-5
4.87804e-5
-1.01298e-5
-1.02937e-5
4.86821e-5
-7.91699e-5
5.53042e-5
-1.92434e-5
-2.55048e-5
5.25177e-5
-3.88801e-5
3.53724e-5
-2.57343e-5
-3.08156e-6
4.4781e-5
-4.19617e-5
1.01626e-6
-1.55389e-5
5.16325e-5
-4.59939e-5
4.71413e-5
-1.73748e-5
3.54052e-6
-1.79321e-5
-3.63886e-6
-1.32114e-5
4.47482e-5
-3.17007e-5
-8.19564e-7
-2.70784e-5
5.8189e-5
-1.92434e-5
-2.03252e-5
4.29452e-5
-4.40598e-5
5.35011e-5
-8.19236e-5
6.11067e-5
-2.95371e-5
4.5535e-5
-3.31104e-5
-3.31104e-6
1.86861e-6
-2.88487e-6
-1.19001e-5
4.29452e-5
-2.19315e-5
-7.57277e-6
9.7692e-6
5.70417e-6
-1.30802e-5
-7.63834e-6
-5.21243e-6
4.49121e-5
-1.78665e-5
9.83477e-8
-9.86755e-6
-2.95043e-7
-3.93391e-7
-2.9242e-5
5.91397e-5
-1.6588e-5
-2.40296e-5
-7.21216e-7
8.52347e-7
-8.6546e-6
3.01272e-5
-2.81602e-5
5.55337e-5
-6.33359e-5
5.07802e-5
-1.81288e-5
-1.77026e-6
-4.22895e-6
-3.34382e-6
-1.10477e-5
5.24521e-7
-2.16365e-6
4.15355e-5
-4.14372e-5
4.98295e-5
-7.30395e-5
7.14004e-5
-7.04825e-5
4.36336e-5
-3.10779e-5
4.61251e-5
-2.73734e-5
-4.68791e-6
8.88407e-6
-8.75294e-6
2.42591e-6
-1.63257e-5
5.29766e-5
-3.81589e-5
-5.17964e-6
5.04196e-5
-7.88421e-5
7.77602e-5
-8.72672e-5
6.82861e-5
-3.47495e-5
4.91083e-5
-4.65185e-5
6.94007e-5
-0.000114411
0.000118575
-9.72003e-5
5.89103e-5
-1.97679e-5
-2.67834e-5
5.49436e-5
-2.60949e-5
-8.19564e-7
-2.24888e-5
3.21925e-5
-3.47167e-5
4.09454e-5
-4.25518e-5
5.19604e-5
-2.99305e-5
-7.99894e-6
1.16706e-5
2.52426e-6
-4.52399e-6
2.91765e-6
2.262e-6
-5.40912e-6
-2.24233e-5
5.42551e-5
-1.12772e-5
-1.37359e-5
-1.86861e-6
-8.52347e-6
-1.36375e-5
4.99278e-5
-3.38644e-5
-1.0556e-5
5.47469e-5
-7.59244e-5
7.3269e-5
-7.69079e-5
8.32677e-5
-8.18908e-5
5.65171e-5
-3.47823e-5
4.53711e-5
-3.13401e-5
6.55651e-7
-7.67112e-6
-3.93391e-7
4.85182e-6
-3.31759e-5
6.38276e-5
-4.15027e-5
6.29753e-5
-7.1007e-5
6.57618e-5
-6.43849e-5
7.19249e-5
-6.02871e-5
7.57277e-6
9.34303e-6
-1.4326e-5
-7.96616e-6
2.37346e-5
-4.62234e-6
-5.67138e-6
-2.6226e-6
-1.78665e-5
5.98282e-5
-8.55297e-5
5.9697e-5
-9.7692e-6
-5.47469e-6
-4.1306e-6
5.90086e-6
2.00301e-5
-1.06543e-5
-1.1605e-5
-4.91738e-6
1.04576e-5
-1.00315e-5
9.83477e-7
1.44243e-6
8.55625e-6
-1.09166e-5
2.65539e-6
-1.47522e-5
4.53711e-5
-6.26147e-6
-5.54025e-6
9.37581e-6
-1.87844e-5
2.98321e-5
-3.99619e-5
3.28809e-5
6.49095e-6
-4.94033e-5
7.34001e-5
-7.35968e-5
8.72344e-5
-8.66771e-5
7.35968e-5
-5.08785e-5
1.38998e-5
-4.39286e-6
5.67138e-6
-4.09782e-6
1.74403e-5
-6.75976e-5
7.65473e-5
-6.74009e-5
7.98255e-5
-9.71019e-5
7.27117e-5
-2.99305e-5
4.78625e-6
1.96695e-7
1.34408e-6
-1.65224e-5
-1.57356e-6
-1.38015e-5
6.31064e-5
-5.89103e-5
5.67138e-5
-7.35968e-5
7.33018e-5
-7.80881e-5
7.13021e-5
-1.51455e-5
3.016e-6
7.53999e-6
-3.29137e-5
2.10464e-5
-1.15722e-5
1.70797e-5
6.35982e-6
-4.49121e-6
1.96695e-6
-7.17938e-6
-5.80251e-6
-1.38342e-5
2.40296e-5
-1.0556e-5
2.45869e-6
-2.6226e-7
1.26213e-5
-5.50747e-6
1.17034e-5
7.04825e-6
-4.35352e-5
2.58982e-5
9.99868e-6
2.4882e-5
-5.61237e-5
1.71781e-5
2.10792e-5
-4.59939e-5
3.92735e-5
-1.29491e-5
2.22921e-6
1.75059e-5
-5.51075e-5
5.89103e-5
-4.08799e-5
2.37346e-5
-9.86755e-6
3.3766e-6
1.11133e-5
-2.262e-6
4.1306e-6
-6.85155e-6
1.03265e-5
-5.19276e-5
7.36296e-5
-6.26475e-5
4.11093e-5
-6.46144e-5
9.36926e-5
-7.33346e-5
2.60949e-5
-3.93391e-6
6.58929e-6
8.98242e-6
-3.08156e-6
1.26869e-5
-3.64542e-5
2.87175e-5
-6.55651e-6
6.3926e-6
3.51757e-5
-4.49449e-5
5.11408e-5
-4.71413e-5
4.26501e-5
-3.64214e-5
4.54694e-5
-5.5173e-5
5.49108e-5
-5.57303e-5
3.00944e-5
-4.17322e-5
1.27524e-5
6.32703e-6
1.64568e-5
-4.04865e-5
2.57671e-5
-1.11461e-6
2.14398e-5
-5.07146e-5
5.75334e-5
-3.84867e-5
3.01927e-5
-6.1959e-5
9.28074e-5
-7.64817e-5
3.65198e-5
-5.01901e-5
3.37988e-5
-1.21951e-5
2.4882e-5
-5.61237e-5
9.64791e-5
-7.36624e-5
4.20928e-5
-4.81904e-5
3.38316e-5
6.06477e-6
-8.52347e-7
-5.12391e-5
7.08431e-5
-7.71374e-5
9.42826e-5
-7.30395e-5
3.54052e-5
-3.34382e-5
3.19958e-5
5.27799e-6
-2.88159e-5
3.5733e-5
-4.53055e-5
5.00917e-5
-6.091e-5
3.28481e-5
1.31458e-5
-3.44545e-5
4.46498e-5
-4.99278e-5
4.47482e-5
-4.74691e-5
2.03252e-5
4.78625e-6
-1.63913e-6
1.73748e-6
1.58995e-5
2.23577e-5
-6.58274e-5
1.82271e-5
4.85182e-6
-1.19001e-5
8.49068e-6
7.01547e-6
-1.885e-5
2.07514e-5
-4.8846e-6
-7.08103e-6
1.27196e-5
-9.93312e-6
1.42276e-5
-4.1306e-6
-2.09808e-5
1.72108e-5
5.47469e-6
1.48177e-5
-4.18633e-5
2.77013e-5
3.83556e-6
-2.85208e-6
1.32442e-5
-4.48793e-5
2.46525e-5
-2.75373e-6
1.67191e-5
-5.24521e-7
2.55704e-6
4.16338e-6
-2.78324e-5
1.75059e-5
-1.07199e-5
7.21216e-6
8.68738e-6
-9.60529e-6
-3.016e-6
1.39654e-5
3.70443e-6
-3.7995e-5
3.64542e-5
-2.2161e-5
2.75701e-5
-4.94033e-5
4.48465e-5
-6.29753e-5
8.77917e-5
-8.53002e-5
9.52333e-5
-7.16299e-5
2.17676e-5
5.17964e-6
1.46866e-5
-6.41555e-5
8.82834e-5
-7.06136e-5
1.94728e-5
1.96695e-5
4.29452e-6
-4.14699e-5
3.41594e-5
3.34382e-6
1.63913e-6
-4.63873e-5
4.22239e-5
-2.13414e-5
2.87175e-5
-5.22226e-5
8.13335e-5
-6.54012e-5
3.46839e-5
-4.84854e-5
7.97927e-5
-7.06464e-5
2.46853e-5
1.04904e-5
1.86861e-6
-3.9503e-5
2.81274e-5
2.27839e-5
-2.23249e-5
1.75387e-5
-3.38316e-5
2.89142e-5
-5.14686e-5
7.79569e-5
-4.99278e-5
1.08182e-5
-3.14713e-6
3.22253e-5
-4.44204e-5
3.40283e-5
-4.90755e-5
1.58012e-5
1.26213e-5
-4.55678e-6
1.89483e-5
-5.01245e-5
7.78586e-5
-6.69092e-5
1.91122e-5
9.83477e-8
7.73668e-6
1.7342e-5
-2.79307e-5
2.98321e-5
-4.14044e-5
3.4225e-5
-3.00616e-5
3.93063e-5
-5.6386e-5
2.48164e-5
2.54065e-5
-4.206e-5
3.1963e-5
2.31773e-5
-4.87477e-5
3.30776e-5
-3.33399e-5
2.08825e-5
1.38342e-5
-3.61592e-5
3.20613e-5
2.19643e-5
-3.85523e-5
3.90112e-5
-6.10411e-5
4.73052e-5
-6.1205e-5
9.60201e-5
-7.10726e-5
3.82245e-5
-3.41266e-5
-2.6226e-7
3.05533e-5
-3.81917e-5
2.66194e-5
2.13742e-5
-3.65853e-5
3.58313e-5
-2.30461e-5
3.00944e-5
-5.05835e-5
2.71767e-5
7.31051e-6
-3.55035e-5
2.91437e-5
3.04878e-6
-4.79609e-5
5.85496e-5
-5.91397e-5
3.59625e-5
2.53409e-5
-6.53029e-5
9.03159e-5
-5.42879e-5
3.45856e-5
-3.77983e-5
5.64516e-5
-4.92394e-5
3.93719e-5
-3.64214e-5
2.89142e-5
-3.23564e-5
2.22594e-5
-4.52399e-6
-1.82927e-5
3.48806e-5
-2.92748e-5
4.36336e-5
-3.18319e-5
-9.47416e-6
3.4225e-5
-2.78652e-5
-1.6883e-5
2.87503e-5
-1.79321e-5
4.03553e-5
-4.37975e-5
4.14044e-5
-4.14699e-5
5.12064e-5
-3.41922e-5
-1.54078e-6
-7.7039e-6
-2.51114e-5
4.28468e-5
-2.75701e-5
4.68463e-5
-5.36978e-5
4.17978e-5
-3.46184e-5
3.61264e-5
-2.48492e-5
-1.10149e-5
4.82559e-5
-3.47167e-5
-1.64896e-5
8.68738e-6
3.48151e-5
-2.15709e-5
-2.22921e-6
-3.40283e-5
4.76331e-5
-5.1567e-5
5.16653e-5
-3.47167e-5
2.81274e-5
-2.81602e-5
4.63545e-5
-4.41581e-5
4.84854e-5
-4.1306e-5
4.38631e-5
-4.64201e-5
3.84539e-5
-3.68804e-5
4.1011e-5
-3.68148e-5
-2.5931e-5
4.37975e-5
-4.50432e-5
4.63873e-5
-2.48492e-5
2.16037e-5
-2.88159e-5
4.07815e-5
-2.95699e-5
2.24888e-5
-1.23262e-5
-3.39299e-5
5.54353e-5
-4.57972e-5
3.90112e-5
-2.46525e-5
3.88145e-5
-2.83569e-5
-2.11775e-5
2.23577e-5
-3.2717e-5
4.91083e-5
-5.79268e-5
4.4027e-5
-3.0914e-5
4.10438e-5
-2.16037e-5
-8.94964e-6
4.08799e-5
-4.01586e-5
3.65853e-5
-3.49134e-5
5.9402e-5
-7.10726e-5
5.90086e-5
-2.7144e-5
-2.13087e-6
-1.44243e-5
5.48124e-5
-7.28428e-5
6.78271e-5
-7.38919e-5
7.56621e-5
-9.2119e-5
7.04825e-5
-2.37018e-5
-2.639e-5
5.46485e-5
-2.48492e-5
-2.262e-6
-6.22869e-7
-2.27839e-5
5.8353e-5
-5.17637e-5
5.13703e-5
-3.88473e-5
3.73721e-6
-2.25544e-5
4.77642e-5
-4.0257e-5
5.02229e-5
-4.36008e-5
3.0455e-5
-3.29137e-5
4.89771e-5
-5.14686e-5
6.74665e-5
-9.63152e-5
6.39916e-5
-2.75373e-5
-1.75715e-5
6.55979e-5
-6.46472e-5
6.3926e-5
-8.92341e-5
3.61919e-5
3.14385e-5
-2.54065e-5
-2.04891e-5
5.22882e-5
-2.85536e-5
6.35982e-6
-1.85221e-5
4.76331e-5
-2.96682e-5
-1.02937e-5
4.23223e-5
-2.70128e-5
-2.05219e-5
5.65499e-5
-8.789e-5
9.11355e-5
-8.56608e-5
7.18266e-5
-4.7797e-5
6.14673e-5
-7.60228e-5
5.4878e-5
-3.11434e-5
6.55651e-7
-5.14686e-6
3.89785e-5
-6.09756e-6
-6.75321e-6
-1.12772e-5
-1.01298e-5
5.67138e-6
-8.13007e-6
4.78625e-5
-8.27104e-5
6.1959e-5
-5.40912e-6
-3.50773e-6
-3.3766e-6
-1.22935e-5
2.0653e-6
-7.99894e-6
3.99292e-5
-1.48833e-5
-2.07186e-5
1.93417e-6
6.98268e-6
-4.26173e-7
-2.51442e-5
3.74049e-5
-1.64896e-5
-1.9604e-5
3.41266e-5
-1.41621e-5
9.50694e-6
-1.508e-6
-2.4718e-5
3.80606e-5
-2.5636e-5
-3.27826e-6
5.88447e-5
-8.36283e-5
6.78271e-5
-2.33084e-5
-6.62208e-6
4.58956e-6
1.46866e-5
-3.18319e-5
4.70102e-5
-2.73734e-5
1.508e-5
-2.8193e-6
-1.73092e-5
-3.96669e-6
-1.57356e-6
-2.67506e-5
4.68791e-5
-1.28508e-5
-1.37359e-5
8.19564e-7
2.45869e-6
5.14686e-6
1.3867e-5
-3.47495e-6
-1.75059e-5
6.1959e-6
-7.83503e-6
5.76317e-5
-8.90374e-5
8.35627e-5
-8.46118e-5
6.59913e-5
-1.85221e-5
1.04904e-5
-8.19564e-7
2.29478e-7
-1.37359e-5
-8.81851e-6
7.01547e-6
-1.44243e-5
4.04537e-5
-2.28494e-5
-7.47442e-6
1.11461e-6
9.83477e-7
-9.53972e-6
5.60582e-5
-0.000103068
0.000132146
-0.000120837
8.00222e-5
-3.6028e-5
-9.37581e-6
4.00603e-5
-2.41935e-5
-2.40296e-5
4.60923e-5
-2.45214e-5
-6.03199e-6
-2.47508e-5
4.15683e-5
-2.49147e-5
5.77957e-5
-9.45121e-5
6.61224e-5
-1.73748e-5
-2.29478e-6
-3.34382e-6
-1.04249e-5
4.28796e-5
-2.9701e-5
1.50472e-5
-1.00315e-5
-1.21951e-5
4.28468e-5
-3.73721e-5
-1.96695e-6
4.39286e-6
1.77354e-5
2.0653e-6
-1.47522e-6
-3.08156e-6
-1.58668e-5
-3.5733e-6
1.44243e-6
3.47495e-6
-2.28494e-5
6.38276e-5
-6.92368e-5
6.85811e-5
-7.14988e-5
5.60254e-5
-9.67085e-6
-7.04825e-6
-4.91738e-7
1.63913e-7
-7.21216e-7
-4.91738e-7
-6.65486e-6
5.24521e-7
5.47469e-6
7.80225e-6
3.60608e-7
-3.93391e-6
6.9499e-6
-2.95043e-6
-9.60529e-6
1.81288e-5
-2.49147e-5
1.73092e-5
-4.81904e-6
-1.47194e-5
1.18017e-5
-1.49161e-5
3.94374e-5
-2.09808e-5
-2.08497e-5
5.8943e-5
-8.40873e-5
9.65446e-5
-7.14004e-5
6.22541e-5
-7.89404e-5
7.96288e-5
-6.32376e-5
4.36008e-5
-1.95712e-5
1.27196e-5
-4.09782e-6
-7.11382e-6
7.9006e-6
-1.18017e-6
4.06504e-6
1.07527e-5
2.04891e-5
-4.9305e-5
9.9659e-6
1.03921e-5
-8.06451e-6
1.24574e-5
-1.67519e-5
5.34356e-6
2.49147e-5
-6.76632e-5
8.53658e-5
-7.34329e-5
8.87096e-5
-7.87109e-5
4.68791e-5
-4.08471e-5
2.38985e-5
1.19656e-5
-4.81576e-5
2.0653e-6
1.75059e-5
8.49068e-6
-6.91712e-6
1.04904e-5
4.1306e-6
-8.19564e-7
2.24888e-5
-6.49095e-5
8.67426e-5
-6.00249e-5
2.1407e-5
1.17689e-5
-4.98623e-5
1.51455e-5
-4.77049e-16
3.67165e-6
4.8846e-6
1.40965e-6
1.01954e-5
-1.36048e-5
1.86533e-5
1.22607e-5
-2.98649e-5
2.71767e-5
-5.02884e-5
3.58641e-5
-1.09822e-5
-9.99868e-6
1.74075e-5
-6.55651e-6
1.86205e-5
-5.04851e-5
8.15958e-5
-6.74337e-5
2.69473e-5
-1.38015e-5
3.4225e-5
-5.01245e-5
3.69132e-5
7.11382e-6
-4.76331e-5
4.77642e-5
-5.62877e-5
7.80881e-5
-7.11054e-5
2.43247e-5
2.03252e-6
1.58012e-5
-1.90139e-6
1.66863e-5
-5.54353e-5
9.57251e-6
1.99974e-5
3.24547e-6
8.52347e-6
-2.81274e-5
1.11461e-5
1.26213e-5
-1.90139e-6
2.29806e-5
-6.57946e-5
0.00010179
-0.000121525
0.000103462
-7.65801e-5
3.44545e-5
-1.70469e-5
1.57356e-5
8.91686e-6
-5.06491e-5
9.166e-5
-9.50366e-5
9.87738e-5
-8.27432e-5
3.31104e-5
-6.22869e-6
8.81851e-6
3.62903e-5
-5.72383e-5
1.78337e-5
6.32703e-6
-6.69092e-5
0.000104544
-7.0253e-5
2.5636e-5
4.65512e-6
3.24547e-6
-4.47154e-5
3.72738e-5
1.885e-5
-5.42224e-5
2.92093e-5
1.50144e-5
-4.92722e-5
9.41843e-5
-0.000120083
9.93967e-5
-7.52032e-5
9.28074e-5
-6.60569e-5
1.13428e-5
1.50472e-5
-7.09087e-5
7.60883e-5
-8.17269e-5
7.72357e-5
-6.30736e-5
8.46773e-5
-7.59572e-5
8.55953e-5
-8.22187e-5
1.26213e-5
1.48505e-5
1.21295e-6
9.83477e-7
1.34408e-6
2.19971e-5
-5.76317e-5
5.35995e-5
-5.54025e-5
8.09401e-5
-8.82179e-5
7.23511e-5
-7.40558e-5
8.07762e-5
-6.71059e-5
7.64161e-5
-6.34015e-5
2.57671e-5
-6.06477e-6
-2.16365e-6
-2.55704e-6
4.62562e-5
-5.29766e-5
2.57343e-5
-3.41922e-5
3.6487e-5
-4.77642e-5
3.43233e-5
1.4326e-5
-4.95017e-5
4.36992e-5
-6.03199e-6
1.56373e-5
-5.20587e-5
3.80606e-5
-1.67191e-6
2.68817e-6
1.52111e-5
-3.08812e-5
2.43247e-5
-4.56661e-5
8.98242e-6
5.57303e-6
7.11382e-6
2.262e-6
3.31104e-5
-6.74009e-5
9.11683e-5
-6.98924e-5
3.20286e-5
-4.1011e-5
3.2422e-5
4.58956e-7
2.49803e-5
-4.56661e-5
2.92093e-5
-4.87804e-5
7.55966e-5
-6.8745e-5
3.10779e-5
-6.88434e-6
1.42276e-5
-9.04799e-6
2.5177e-5
-6.39916e-5
9.06438e-5
-4.03881e-5
4.76986e-5
-0.000109756
0.000105593
-6.27458e-5
2.66522e-5
-4.02898e-5
2.06858e-5
5.73695e-6
2.81274e-5
-7.35968e-5
0.000101757
-0.000124836
9.6184e-5
-5.65499e-5
3.16024e-5
2.91437e-5
-6.7696e-5
2.51114e-5
2.26527e-5
-4.16338e-5
2.88487e-5
2.0653e-5
-5.69105e-5
3.5274e-5
-1.22935e-5
-5.0813e-6
1.10477e-5
-3.90112e-6
2.01613e-5
-5.60254e-5
8.14974e-5
-6.52373e-5
1.64896e-5
3.96669e-6
1.97679e-5
-5.16653e-5
7.51704e-5
-7.06136e-5
3.84212e-5
1.83582e-6
-4.78625e-6
1.41293e-5
-3.31104e-5
2.97666e-5
-5.50747e-5
6.85811e-5
-5.67794e-5
1.57028e-5
-5.73695e-6
2.4128e-5
1.57028e-5
-4.98623e-5
4.06176e-5
5.57303e-7
-1.25885e-5
3.28809e-5
-5.06818e-5
2.53737e-5
2.52754e-5
-4.18305e-5
1.41293e-5
4.81904e-6
1.11133e-5
-3.44873e-5
2.98977e-5
-5.08457e-5
0.000101462
-0.000114509
0.000108117
-0.000117198
0.000101987
-6.37293e-5
2.29478e-6
2.45869e-5
-8.98242e-6
1.53422e-5
-4.09782e-5
5.28127e-5
-4.89444e-5
3.00616e-5
5.0813e-6
8.62181e-6
-6.11067e-5
8.47429e-5
-6.82861e-5
2.89142e-5
1.60307e-5
-4.29779e-5
3.12746e-5
9.57251e-6
-4.76003e-5
3.76344e-5
-4.58956e-7
7.50721e-6
-3.63886e-5
2.51442e-5
8.35955e-6
-1.67519e-5
2.55704e-5
-2.23905e-5
3.46512e-5
-4.83871e-5
4.53711e-5
-3.63886e-5
3.77983e-5
-3.18974e-5
3.26186e-5
-2.93732e-5
2.59638e-5
-3.50446e-5
2.33412e-5
-3.93391e-5
4.17322e-5
-3.13729e-5
2.0358e-5
1.60307e-5
-4.90755e-5
3.57658e-5
2.27183e-5
-4.59939e-5
2.73079e-5
-2.01941e-5
2.34723e-5
-4.87149e-5
4.60267e-5
-5.3075e-5
7.53671e-5
-6.25163e-5
4.34041e-5
-3.50118e-5
1.61946e-5
1.22935e-5
-5.38617e-5
9.0611e-5
-8.33988e-5
8.53002e-5
-6.62863e-5
1.80304e-5
9.50694e-6
-3.50446e-5
3.03566e-5
-1.64568e-5
3.24875e-5
-4.4322e-5
1.9145e-5
2.48164e-5
-4.53383e-5
3.39299e-5
-3.80278e-5
1.90467e-5
2.39641e-5
-4.39942e-5
3.30776e-5
4.16338e-6
6.55651e-8
7.21216e-7
-9.99868e-6
3.04878e-5
-6.0451e-5
1.28508e-5
1.99318e-5
3.80278e-6
1.14411e-5
-3.52413e-5
2.05219e-5
2.58982e-6
9.70364e-6
-5.83202e-5
8.11696e-5
-7.82192e-5
8.82506e-5
-7.13348e-5
3.17335e-5
8.39233e-6
-5.5927e-5
7.42197e-5
-6.54996e-5
3.38644e-5
1.20312e-5
-4.42237e-5
3.58313e-5
3.70443e-6
-3.85195e-5
1.62274e-5
8.03173e-6
6.22869e-6
2.32756e-6
1.0097e-5
-4.62562e-5
8.6546e-6
2.35379e-5
-1.08182e-6
-1.08182e-6
1.6129e-5
-4.40598e-5
3.31759e-5
-1.01954e-5
1.13755e-5
1.21295e-6
1.62601e-5
-4.47154e-5
3.76999e-5
-3.5733e-5
6.22869e-7
1.69814e-5
1.51455e-5
-3.58641e-5
2.36034e-5
1.5834e-5
-5.37634e-5
8.33333e-5
-6.85155e-5
3.14713e-5
7.53999e-7
6.55651e-7
-6.02543e-5
9.46432e-5
-8.2022e-5
8.34316e-5
-6.68436e-5
3.2422e-5
-5.94348e-5
8.77917e-5
-7.06792e-5
1.01954e-5
1.47194e-5
2.88487e-6
6.06477e-6
2.8193e-6
-1.99974e-6
1.4326e-5
-4.35025e-5
5.10424e-5
-5.65499e-5
4.04537e-5
-7.86781e-7
4.58956e-6
-5.25177e-5
7.65145e-5
-5.11408e-5
2.45541e-5
-6.86795e-5
8.25137e-5
-7.61539e-5
7.35968e-5
-7.3728e-5
9.37581e-5
-8.64148e-5
9.36926e-5
-5.32717e-5
3.25203e-5
-4.77314e-5
4.05848e-5
-6.66142e-5
6.60569e-5
-4.99278e-5
2.15381e-5
1.27196e-5
1.885e-5
-3.80933e-5
1.55062e-5
5.50747e-6
1.69814e-5
-3.20941e-5
2.82258e-5
-2.88487e-5
9.50694e-6
-1.17034e-5
1.70797e-5
1.19001e-5
-4.44531e-5
5.15014e-5
-5.7599e-5
4.92394e-5
-5.71072e-5
7.47115e-5
-7.52688e-5
7.13676e-5
-7.24495e-5
9.34303e-5
-6.11067e-5
2.05219e-5
-3.39627e-5
2.5472e-5
-6.88434e-7
1.44899e-5
-3.58969e-5
3.75688e-5
-4.66496e-5
2.4718e-5
3.93391e-6
2.0653e-5
-2.40952e-5
5.21243e-6
2.91437e-5
-5.24193e-5
5.01573e-5
-5.63532e-5
3.34382e-5
1.9899e-5
-5.11736e-5
2.21938e-5
2.11448e-5
-5.5632e-5
7.49081e-5
-4.69774e-5
1.77681e-5
1.08838e-5
-3.82572e-5
6.9499e-6
1.93417e-5
-6.03199e-6
1.67519e-5
-6.67781e-5
8.6382e-5
-5.90414e-5
2.47508e-5
1.64568e-5
-4.15027e-5
2.87503e-5
1.82599e-5
-8.09074e-5
0.000107199
-8.59887e-5
2.52754e-5
1.19984e-5
1.16378e-5
-4.53383e-5
2.22266e-5
8.42512e-6
-6.85155e-6
2.06858e-5
-5.88447e-5
6.91712e-5
-6.21557e-5
7.35968e-5
-6.39588e-5
3.92079e-5
-7.3269e-5
9.19223e-5
-7.94649e-5
8.33005e-5
-5.60254e-5
7.24495e-6
2.19643e-6
-9.50694e-7
4.09782e-6
7.21216e-6
4.91738e-6
2.28494e-5
-4.2814e-5
2.73079e-5
2.65539e-6
-5.54025e-5
8.93653e-5
-6.85483e-5
3.14713e-6
1.90467e-5
1.08182e-6
2.23577e-5
-6.20574e-5
7.69734e-5
-6.84172e-5
1.83582e-5
2.68817e-6
9.83477e-7
-7.63834e-6
-2.9242e-5
6.32048e-5
-6.68436e-5
6.6942e-5
-7.89404e-5
8.12024e-5
-8.789e-5
8.87096e-5
-9.26107e-5
7.48754e-5
-1.84566e-5
1.07855e-5
-1.94728e-5
4.36008e-6
1.55717e-5
6.29425e-6
-5.57303e-6
2.69473e-5
-4.20928e-5
2.44558e-5
6.91712e-6
-6.05166e-5
7.70718e-5
-8.412e-5
8.15302e-5
-4.87804e-5
2.65539e-5
1.41293e-5
-4.4027e-5
2.65539e-5
-2.36034e-6
2.9242e-5
-5.59926e-5
2.71767e-5
1.3113e-7
-2.75373e-6
2.66522e-5
-6.75649e-5
9.46432e-5
-7.35641e-5
1.99974e-5
1.19001e-5
-1.0097e-5
1.05888e-5
1.56045e-5
-4.31091e-5
3.09467e-5
-5.50419e-5
7.50065e-5
-6.21885e-5
4.60595e-5
-5.70744e-5
7.61539e-5
-7.27117e-5
6.59913e-5
-7.00235e-5
7.90715e-5
-5.59598e-5
2.69145e-5
3.31104e-6
-3.35366e-5
2.78652e-5
3.64542e-5
-6.67125e-5
4.33385e-5
-6.82861e-5
7.75963e-5
-5.92709e-5
2.70456e-5
-5.57303e-6
-3.14713e-6
1.40965e-5
-9.9659e-6
1.60635e-5
3.67165e-6
-4.03225e-5
1.63585e-5
-4.26173e-7
1.05232e-5
5.60582e-6
9.31025e-6
-3.49134e-5
2.90781e-5
2.16037e-5
-6.74665e-5
6.77288e-5
-4.76658e-5
1.8096e-5
1.96695e-6
-5.0813e-6
1.15067e-5
-1.76698e-5
2.31117e-5
-4.60267e-5
1.75715e-5
-1.19001e-5
-1.73748e-6
-5.76973e-6
-1.40965e-6
5.54681e-5
-7.33018e-5
7.38591e-5
-7.04497e-5
7.80553e-5
-7.03842e-5
5.14358e-5
-1.05232e-5
6.58929e-6
-9.40859e-6
-6.42538e-6
1.55389e-5
5.80251e-6
-9.83477e-8
6.91712e-6
-4.4781e-5
1.72108e-5
1.62601e-5
-1.46538e-5
-1.3113e-6
2.0358e-5
9.2119e-6
-3.44545e-5
4.5076e-5
-5.71728e-5
1.54406e-5
1.60307e-5
1.79648e-5
-5.18948e-5
2.12103e-5
1.56701e-5
-5.24521e-7
1.97023e-5
-4.52727e-5
3.36677e-5
-6.05822e-5
6.0615e-5
-6.34998e-5
7.89076e-5
-7.43836e-5
9.81182e-5
-8.53658e-5
3.53724e-5
2.03252e-6
9.24468e-6
-6.05822e-5
8.96275e-5
-7.5236e-5
9.24468e-6
2.11775e-5
7.99894e-6
2.45869e-6
-8.22842e-6
1.62601e-5
-3.69132e-5
2.72423e-5
1.46866e-5
-2.51442e-5
2.88487e-5
-4.7338e-5
1.90139e-5
1.65552e-5
-4.67479e-5
2.79307e-5
1.34408e-5
9.37581e-6
-5.61565e-5
9.05782e-5
-7.43181e-5
2.60949e-5
8.35955e-6
-3.68804e-5
3.77327e-5
-6.23852e-5
8.57264e-5
-7.42197e-5
8.11696e-5
-6.25819e-5
2.262e-5
3.27826e-8
2.46197e-5
-5.98937e-5
2.83897e-5
-4.58956e-7
-1.15067e-5
2.262e-5
1.98334e-5
-6.09428e-5
5.0354e-5
-4.53711e-5
7.86781e-6
6.13034e-6
2.20954e-5
-4.22895e-6
2.22266e-5
-4.33713e-5
3.15368e-5
-3.52413e-5
1.41948e-5
2.52426e-5
-4.42565e-5
3.48806e-5
2.7144e-5
-5.69761e-5
2.75046e-5
1.27852e-6
-8.2612e-6
4.09782e-6
1.0097e-5
-2.70128e-5
2.54393e-5
-4.06176e-5
1.37687e-5
2.12431e-5
-4.52399e-6
-8.78573e-6
2.61277e-5
-4.47154e-5
3.65853e-5
-3.7995e-5
3.61592e-5
1.54734e-5
-3.05206e-5
1.84566e-5
-4.1306e-5
4.33058e-5
-5.56976e-5
7.95305e-5
-7.22528e-5
3.92079e-5
1.21295e-5
-6.84828e-5
8.35627e-5
-5.11408e-5
3.06189e-5
-4.2519e-5
2.18987e-5
1.27524e-5
-5.40912e-6
1.7342e-5
-4.21584e-5
3.29137e-5
1.87844e-5
-4.91083e-5
5.4583e-5
-3.99619e-5
4.29124e-5
-5.82874e-5
5.40912e-5
-4.19289e-5
2.03908e-5
1.33425e-5
-2.36034e-5
3.59625e-5
-5.32389e-5
4.50105e-5
-3.52413e-5
1.2359e-5
2.13414e-5
-5.02229e-5
5.23537e-5
-5.70089e-5
3.2717e-5
1.49816e-5
-3.02583e-5
1.85549e-5
2.98321e-6
3.38972e-5
-3.07173e-5
-2.68817e-5
3.50446e-5
-3.35693e-5
3.23236e-5
-4.15027e-5
4.98623e-5
-7.09087e-5
9.97573e-5
-9.90361e-5
9.23485e-5
-3.40611e-5
-7.86781e-6
3.56346e-5
-4.36664e-5
2.7439e-5
-3.66181e-5
4.90099e-5
-4.74364e-5
2.80619e-5
-4.89771e-5
6.54668e-5
-2.262e-5
-7.60555e-6
2.67506e-5
-2.38001e-5
3.25531e-5
-4.01259e-5
3.6028e-5
-3.92079e-5
4.77314e-5
-5.79923e-5
4.82231e-5
-2.11775e-5
-2.49803e-5
5.4124e-5
-2.51442e-5
-2.79307e-5
5.04851e-5
-3.37333e-5
3.20613e-5
-2.04563e-5
-2.00301e-5
5.23865e-5
-3.65198e-5
-4.91738e-6
-5.4419e-6
2.71767e-5
-7.57277e-6
-2.53737e-5
4.01259e-5
-4.66824e-5
4.24534e-5
-3.03894e-5
4.11093e-5
-2.50787e-5
-2.27183e-5
5.54681e-5
-5.97626e-5
4.08471e-5
-3.96341e-5
1.83255e-5
-2.61933e-5
2.85864e-5
-4.24534e-5
2.49803e-5
5.24521e-6
1.95384e-5
-4.50432e-5
3.44545e-5
-3.17991e-5
5.14686e-5
-4.42892e-5
2.41935e-5
-3.075e-5
4.46826e-5
-4.77642e-5
4.59611e-5
-3.21925e-5
2.52754e-5
-5.78612e-5
9.20862e-5
-6.96629e-5
3.39299e-5
-4.54038e-5
2.11448e-5
2.73079e-5
-3.3471e-5
2.34395e-5
5.27799e-6
-2.3669e-5
3.38972e-5
-2.08825e-5
3.69459e-5
-3.19958e-5
3.78966e-5
-4.03553e-5
1.4621e-5
-2.68817e-5
4.90755e-5
-3.9503e-5
2.87503e-5
-3.47167e-5
2.25544e-5
-2.08497e-5
1.69814e-5
-1.38015e-5
3.83556e-5
-5.38945e-5
3.29465e-5
-5.05507e-5
3.42578e-5
1.94073e-5
-4.34041e-5
4.65512e-5
-4.31091e-5
4.57972e-5
-5.68122e-5
5.41568e-5
-4.59284e-5
3.12418e-5
-5.35995e-5
8.87752e-5
-7.13021e-5
4.72397e-5
-1.32114e-5
3.36021e-5
-3.57002e-5
3.38644e-5
-4.82559e-5
5.30094e-5
-3.35693e-5
-1.0851e-5
2.85864e-5
-4.36664e-5
3.94702e-5
-3.76999e-5
2.22921e-5
3.60608e-5
-4.13388e-5
2.7898e-5
-4.63218e-5
1.93417e-5
1.33753e-5
-3.44217e-5
4.206e-5
-3.52413e-5
3.06189e-5
-2.35379e-5
3.21269e-5
-3.34054e-5
4.43876e-5
-3.44545e-5
2.0653e-5
-4.05192e-5
4.82231e-5
-5.7435e-5
2.83897e-5
9.86755e-6
-3.15696e-5
4.12405e-5
-4.19617e-5
6.32048e-5
-6.6942e-5
5.19276e-5
-4.89771e-5
5.73695e-5
-5.49764e-5
3.48479e-5
-2.90126e-5
3.43233e-5
-4.02242e-5
2.97338e-5
-2.65867e-5
4.15027e-5
-4.57645e-5
4.23223e-5
-3.98308e-5
3.08156e-5
-5.43207e-5
9.02504e-5
-5.96643e-5
2.73079e-5
-3.72738e-5
4.38958e-5
-2.34067e-5
2.5931e-5
-3.67492e-5
3.35366e-5
-2.90781e-5
3.37988e-5
-3.82245e-5
4.17978e-5
-4.5535e-5
4.56005e-5
-5.36323e-5
4.84198e-5
-3.46184e-5
3.67165e-5
-5.37962e-5
4.32402e-5
-4.21912e-5
4.18961e-5
-4.24534e-5
3.41922e-5
-4.56005e-5
4.43876e-5
-5.32389e-5
9.55284e-5
-8.98898e-5
5.03868e-5
-5.12391e-5
5.82874e-5
-5.46485e-5
3.95358e-5
5.11408e-6
-4.22567e-5
5.45502e-5
-3.93063e-5
2.26855e-5
-1.93417e-6
8.85129e-7
1.86861e-5
-3.90112e-5
3.57002e-5
-2.75373e-5
2.18332e-5
-5.04196e-5
2.68489e-5
7.34329e-6
1.46866e-5
-5.46485e-5
7.98583e-5
-5.27799e-5
2.65867e-5
-3.19958e-5
4.31091e-5
-5.69433e-5
6.28769e-5
-6.76632e-5
8.79556e-5
-6.39916e-5
2.20627e-5
1.76042e-5
-3.52085e-5
4.83543e-5
-3.26514e-5
2.85864e-5
-4.66168e-5
3.1504e-5
-2.64227e-5
2.9242e-5
-3.79622e-5
3.03894e-5
-4.72724e-5
2.41607e-5
1.6588e-5
2.42591e-5
-4.56333e-5
2.99305e-5
-3.91096e-5
2.08497e-5
6.22869e-7
3.83556e-6
2.26527e-5
-4.60595e-5
3.03239e-5
-4.62234e-5
3.51101e-5
2.29478e-7
3.17007e-5
-4.53711e-5
3.14057e-5
-5.30094e-5
3.88801e-5
1.83582e-5
-4.82559e-5
2.22921e-5
-5.76973e-6
3.60936e-5
-5.29438e-5
2.95371e-5
1.83582e-5
-3.0455e-5
3.23236e-5
-3.77983e-5
3.18646e-5
-4.32074e-5
3.19302e-5
1.48505e-5
-5.04524e-5
2.14726e-5
8.52347e-6
2.39968e-5
-4.08471e-5
1.54078e-5
2.65211e-5
-2.71767e-5
3.65198e-5
-4.42237e-5
3.64214e-5
-3.38972e-5
3.452e-5
-3.91096e-5
3.48479e-5
-3.7536e-5
5.00262e-5
-4.88132e-5
3.90112e-5
-3.46839e-5
4.61578e-5
-3.31759e-5
2.24561e-5
-3.69787e-5
4.17978e-5
-3.37333e-5
3.69459e-5
-5.37306e-5
5.67466e-5
-6.47783e-5
4.24534e-5
-3.01927e-5
2.6226e-5
-4.92722e-5
9.48727e-5
-0.000110281
0.000112969
-0.000123754
0.000106511
-5.28455e-5
5.65171e-5
-3.58641e-5
-2.8193e-6
3.27498e-5
-3.10451e-5
3.88473e-5
-4.02242e-5
3.9798e-5
-3.1209e-5
-1.63913e-5
4.45187e-5
-4.65185e-5
4.11749e-5
-4.42892e-5
4.6289e-5
-4.32402e-5
3.68476e-5
-3.60936e-5
3.33726e-5
-4.45515e-5
3.60936e-5
-2.698e-5
2.262e-5
-4.43876e-5
5.83202e-5
-5.22554e-5
5.24193e-5
-2.74718e-5
2.7898e-5
-6.03199e-5
5.75334e-5
-3.84212e-5
3.26186e-5
-1.95056e-5
2.79963e-5
-3.49134e-5
5.39601e-5
-6.33687e-5
1.97023e-5
4.84854e-5
-9.37253e-5
8.36283e-5
-6.10739e-5
4.11749e-5
-4.93705e-5
2.79635e-5
2.02924e-5
-6.05822e-5
4.8092e-5
-3.23236e-5
5.29766e-5
-5.83202e-5
4.54038e-5
-4.18633e-5
2.78324e-5
4.72069e-6
-2.30134e-5
2.4423e-5
-3.43889e-5
4.78625e-5
-4.48465e-5
4.15027e-5
-4.58628e-5
4.24206e-5
-4.96656e-5
5.21243e-5
-3.58969e-5
3.16352e-5
-3.31759e-5
5.3665e-5
-4.20272e-5
4.76658e-5
-3.84539e-5
3.7241e-5
-5.32717e-5
2.98321e-5
-3.07828e-5
2.67178e-5
-2.75046e-5
4.83871e-5
-3.73393e-5
2.53409e-5
-1.89811e-5
3.17991e-5
-3.62575e-5
4.14372e-5
-3.71754e-5
3.05206e-5
-1.97351e-5
-1.64896e-5
3.96669e-5
-3.07828e-5
3.43233e-5
-1.74075e-5
-5.70417e-6
-3.10779e-5
4.7338e-5
-4.67807e-5
5.55337e-5
-4.59611e-5
3.9503e-5
-5.18948e-5
4.70758e-5
-3.2422e-5
3.13073e-5
-3.75032e-5
2.2161e-5
-2.26855e-5
4.19617e-5
-5.43207e-5
3.60608e-5
-2.50131e-5
3.27498e-5
-4.95017e-5
6.45161e-5
-5.02229e-5
3.49462e-5
-5.15014e-5
4.37647e-5
-4.47154e-5
3.86179e-5
-2.84225e-5
4.42237e-5
-4.83871e-5
4.14699e-5
-6.50734e-5
0.000110051
-0.000130278
0.000110936
-6.88762e-5
4.90099e-5
-2.88159e-5
3.37333e-5
-3.59952e-5
2.9242e-5
-2.64555e-5
2.4718e-5
-2.72095e-5
9.53972e-6
9.73642e-6
-3.66509e-5
5.15014e-5
-2.71767e-5
3.82572e-5
-2.28822e-5
-3.08484e-5
3.26842e-5
-3.90768e-5
4.54366e-5
-3.64214e-5
3.12746e-5
-3.96997e-5
4.76986e-5
-4.68463e-5
4.24534e-5
-5.92053e-5
3.68804e-5
1.11133e-5
-2.23905e-5
3.89129e-5
-5.42224e-5
2.5931e-5
3.29465e-5
-5.13703e-5
4.40598e-5
-3.63559e-5
3.81917e-5
-4.64857e-5
2.60294e-5
2.97993e-5
-4.02898e-5
3.31432e-5
-3.17991e-5
-4.58956e-7
2.90126e-5
-3.77327e-5
3.61264e-5
-3.08484e-5
3.29137e-5
-5.40584e-5
4.14044e-5
-3.85523e-5
3.94046e-5
-3.76999e-5
2.80947e-5
1.40637e-5
-3.89129e-5
3.6028e-5
-3.4225e-5
3.46839e-5
-5.00262e-5
5.1108e-5
-4.01259e-5
3.3012e-5
-3.40611e-5
4.30107e-5
-3.49462e-5
2.77668e-5
-2.32756e-5
4.75675e-5
-1.90467e-5
-4.1306e-5
1.93745e-5
3.36021e-5
-5.09113e-5
2.95699e-5
-3.30776e-5
1.82927e-5
3.14713e-6
1.71453e-5
-5.06163e-5
3.78966e-5
1.52111e-5
-5.84841e-5
8.19236e-5
-9.36598e-5
0.000104478
-5.58287e-5
1.77026e-5
-2.64227e-5
3.47167e-5
-3.75688e-5
3.15368e-5
-3.31104e-5
3.68804e-5
-4.06832e-5
1.62601e-5
9.34303e-6
1.47194e-5
-3.85523e-5
2.23577e-5
2.06202e-5
-3.59297e-5
2.9701e-5
-2.69145e-5
2.43902e-5
-3.99619e-5
4.583e-5
-3.66837e-5
3.42578e-5
-3.86834e-5
2.37346e-5
3.075e-5
-5.01901e-5
4.80592e-5
-3.17007e-5
4.68791e-5
-4.44204e-5
4.30763e-5
-4.62562e-5
4.97639e-5
-5.66155e-5
4.38631e-5
-3.73066e-5
2.76357e-5
-3.78639e-5
3.13729e-5
-2.53409e-5
4.46826e-5
-1.78993e-5
-1.1605e-5
-1.70469e-6
2.26855e-5
-4.87477e-5
5.31405e-5
-4.88132e-5
5.59598e-5
-3.25531e-5
-3.30448e-5
6.26803e-5
-5.50747e-5
4.82559e-5
-3.34382e-5
2.34067e-5
-3.08812e-5
4.583e-5
-3.11106e-5
1.6883e-5
-3.38972e-5
4.25518e-5
-3.35038e-5
4.14044e-5
-2.85536e-5
-3.88145e-5
3.87818e-5
-2.59966e-5
4.90755e-5
-6.76632e-5
4.66168e-5
-4.31418e-5
4.51088e-5
-4.47154e-5
4.0552e-5
-4.81576e-5
3.82245e-5
9.53972e-6
-2.78652e-5
3.06189e-5
-2.49147e-5
2.75701e-5
-5.28127e-5
4.09454e-5
5.04851e-6
-2.96027e-5
5.4419e-5
-5.18948e-5
4.42237e-5
-4.60267e-5
3.41594e-5
-3.3471e-5
2.60294e-5
1.41621e-5
-3.32415e-5
3.8749e-5
-4.62234e-5
2.28167e-5
2.45869e-5
-3.55035e-5
2.07514e-5
-2.98321e-5
2.94715e-5
-2.38001e-5
9.73642e-6
1.30475e-5
-2.40952e-5
2.93732e-5
-1.71781e-5
3.42578e-5
-2.29806e-5
-1.89155e-5
3.23892e-5
-3.05861e-5
4.06504e-5
-3.50446e-5
5.05179e-5
-5.02229e-5
2.59638e-5
-4.06504e-5
3.81589e-5
-2.87831e-5
3.28481e-5
-3.39627e-5
1.508e-5
-3.82572e-5
6.80894e-5
-5.67794e-5
4.16011e-5
-2.78652e-5
4.09454e-5
-5.01573e-5
2.80619e-5
-1.65552e-5
2.79307e-5
-5.01901e-5
4.24862e-5
-2.18004e-5
3.13073e-5
-2.62588e-5
3.65526e-5
-4.80264e-5
3.76344e-5
-2.9242e-5
3.1504e-5
-2.7144e-5
1.96368e-5
-3.83228e-5
4.29452e-5
-4.12077e-5
2.63244e-5
-3.66837e-5
3.0455e-5
7.60555e-6
-4.71413e-5
4.29779e-5
-3.23892e-5
2.25872e-5
-4.58956e-7
7.08103e-6
2.90126e-5
-5.60582e-5
3.11434e-5
-3.36021e-5
4.44531e-5
-2.91765e-5
3.39627e-5
-4.36664e-5
2.15054e-5
2.05874e-5
-3.93719e-5
5.45174e-5
-5.19276e-5
6.20574e-5
-5.3829e-5
3.92079e-5
-4.72069e-5
3.54707e-5
-4.09782e-5
4.71741e-5
-5.68777e-5
6.45161e-5
-3.80606e-5
3.50773e-5
-4.79281e-5
4.18633e-5
-2.68817e-5
2.5177e-5
-2.49475e-5
3.36349e-5
-4.51416e-5
4.63873e-5
-3.64214e-5
3.44545e-5
-4.13388e-5
3.18974e-5
-3.06189e-5
1.14083e-5
3.41594e-5
-4.01259e-5
2.83241e-5
-2.82258e-5
3.40283e-5
-2.55704e-5
3.04222e-5
-5.95659e-5
3.56019e-5
-4.7043e-5
4.86493e-5
-5.5927e-5
9.75937e-5
-0.000100937
0.000102183
-0.000114444
0.000104085
-5.28127e-5
3.07828e-5
-3.99619e-5
3.452e-5
-4.1306e-5
2.64883e-5
1.2064e-5
-3.60608e-5
3.52413e-5
-3.53724e-5
2.88814e-5
-4.56661e-5
3.61919e-5
2.56687e-5
-3.54379e-5
3.74377e-5
-2.96354e-5
2.76029e-5
-5.4124e-5
3.60608e-5
-1.36703e-5
3.17335e-5
-4.7043e-5
2.9406e-5
-3.59297e-5
4.29124e-5
-5.48124e-5
0.000103495
-0.000126147
0.000118017
-0.000104937
0.000126639
-0.000130016
0.00011982
-0.000129917
0.000122148
-0.000112247
0.000122115
-0.000124738
0.000101855
-6.36965e-5
5.3829e-5
-3.97652e-5
4.51416e-5
-3.96997e-5
5.14031e-5
-8.97259e-5
4.74691e-5
-2.23249e-5
2.31445e-5
-4.13388e-5
3.63559e-5
-2.94715e-5
4.39614e-5
-3.90112e-5
5.59598e-5
-5.67138e-5
5.06818e-5
-5.26488e-5
6.17296e-5
-7.18594e-5
5.95987e-5
-4.53711e-5
4.64201e-5
-4.36664e-5
5.06491e-5
-3.66181e-5
3.45856e-5
-2.99305e-5
3.23236e-5
-3.02255e-5
-2.4718e-5
7.4777e-5
-0.000107986
0.000117558
-0.000108969
0.000107232
-0.000111264
0.000114477
-9.34631e-5
6.63191e-5
-6.15001e-5
6.20246e-5
-2.44886e-5
-1.78009e-5
3.66509e-5
-3.41594e-5
3.83884e-5
-4.29124e-5
4.4027e-5
-4.78298e-5
3.44873e-5
-4.05192e-5
3.30776e-5
-1.89483e-5
4.38958e-5
-4.03553e-5
4.54366e-5
-5.21571e-5
4.09454e-5
-2.17021e-5
-5.27799e-6
3.80278e-6
-8.78573e-6
6.03199e-6
-1.18017e-5
4.64201e-5
-3.17663e-5
-3.17991e-6
-2.19315e-5
5.38945e-5
-4.38303e-5
5.44846e-5
-8.64148e-5
7.21216e-5
-2.8652e-5
-6.58929e-6
4.20272e-5
-1.63585e-5
-4.81904e-6
5.57303e-7
-9.67085e-6
-2.00629e-5
5.13703e-5
-3.48479e-5
-3.14713e-6
1.40965e-5
2.68817e-6
-2.63244e-5
5.04851e-5
-8.63493e-5
8.19236e-5
-3.54052e-5
1.39654e-5
7.34329e-6
-2.09153e-5
8.19564e-7
2.32756e-6
-7.93338e-6
-5.0813e-6
5.35011e-5
-9.50366e-5
5.73367e-5
-7.08103e-6
-3.14713e-5
5.07474e-5
-3.72082e-5
5.05835e-5
-2.7439e-5
9.83477e-7
-6.9499e-6
-1.61618e-5
5.83857e-5
-8.8644e-5
8.21531e-5
-2.7439e-5
1.39654e-5
-1.62601e-5
-4.75347e-6
-1.37687e-5
4.04537e-5
-1.44571e-5
-2.38329e-5
5.80579e-5
-7.77602e-5
5.25177e-5
-5.60582e-6
-1.89155e-5
-2.07514e-5
3.08156e-5
-1.64241e-5
1.6129e-5
-3.61919e-5
4.7338e-5
-2.95043e-5
3.35693e-5
-3.31104e-5
4.82559e-5
-5.8943e-5
5.67794e-5
-4.83543e-5
6.98268e-5
-8.06123e-5
5.32061e-5
-4.27485e-5
4.68463e-5
-3.26514e-5
-1.6883e-5
4.39286e-5
-2.74062e-5
-1.06543e-5
5.56648e-5
-6.59257e-5
6.05822e-5
-3.00288e-5
4.55678e-6
-6.88434e-7
-2.04235e-5
4.38303e-5
-4.42892e-5
5.35995e-5
-6.63191e-5
7.22528e-5
-9.48727e-5
7.41869e-5
-3.01927e-5
-6.52373e-6
-1.22279e-5
4.45515e-5
-3.08484e-5
1.31786e-5
-1.67191e-6
-9.27746e-6
7.44164e-6
-5.01573e-6
-7.93338e-6
2.83569e-5
-1.26869e-5
-2.04563e-5
6.25819e-5
-7.53015e-5
5.03212e-5
-2.69473e-5
-1.21295e-6
4.78625e-6
-1.37031e-5
3.7241e-5
-1.24574e-5
-1.6883e-5
-7.99894e-6
6.24836e-5
-8.34972e-5
5.55664e-5
-2.1407e-5
-1.60635e-6
-1.07199e-5
6.00904e-5
-9.19223e-5
6.95974e-5
-3.23892e-5
-2.55704e-5
4.98951e-5
-2.72423e-5
6.82861e-5
-6.95646e-5
6.0451e-5
-7.32362e-5
6.2713e-5
-6.77288e-5
7.80553e-5
-8.02189e-5
7.26134e-5
-7.89732e-5
6.36965e-5
-2.10464e-5
4.36008e-6
-1.51455e-5
-1.09494e-5
5.82218e-5
-8.3071e-5
7.99567e-5
-6.93023e-5
4.87149e-5
-2.34723e-5
-1.18673e-5
5.64516e-5
-5.14031e-5
6.21557e-5
-0.00010061
9.94951e-5
-7.54982e-5
5.28455e-5
-3.1209e-5
1.10805e-5
-3.77983e-5
5.88447e-5
-1.91122e-5
-1.08182e-6
5.0813e-6
-1.0556e-5
-6.42538e-6
-2.68817e-6
3.51101e-5
-3.47167e-5
2.55048e-5
-1.5834e-5
-2.08497e-5
5.77629e-5
-8.37922e-5
8.353e-5
-0.00010674
0.000124574
-0.000104707
7.88421e-5
-3.40939e-5
4.22895e-6
-1.82927e-5
3.94046e-5
-2.60294e-5
3.14713e-6
-1.90139e-6
-8.29399e-6
4.15027e-5
-3.63886e-5
-5.4419e-6
7.49081e-5
-8.75294e-5
6.1664e-5
-7.83503e-6
-8.4579e-6
-1.08838e-5
-1.04249e-5
-6.29425e-6
3.34382e-6
-2.71767e-5
4.97967e-5
-2.78324e-5
3.78966e-5
-4.81904e-5
4.93378e-5
-1.34408e-5
9.70364e-6
-3.3766e-6
-4.09782e-6
9.83477e-8
-6.85155e-6
-4.81904e-6
-3.17991e-6
-1.59979e-5
5.24193e-5
-9.05782e-5
7.9301e-5
-4.26501e-5
6.06477e-5
-8.58903e-5
5.50419e-5
-1.24902e-5
-1.37031e-5
5.19931e-5
-8.0514e-5
7.50721e-5
-4.3568e-5
-3.83556e-6
5.23537e-5
-8.27104e-5
7.61867e-5
-3.20613e-5
-5.34356e-6
-3.47495e-6
-7.01547e-6
3.53724e-5
-1.75715e-5
-5.14686e-6
2.32756e-6
5.24521e-6
-1.79321e-5
5.26816e-5
-9.07093e-5
7.74652e-5
-2.64555e-5
-1.24246e-5
8.02517e-5
-8.79556e-5
6.13034e-5
-8.08418e-5
8.16286e-5
-8.75294e-5
7.53015e-5
-2.18987e-5
-1.83582e-6
-9.83477e-8
-1.37359e-5
-1.15722e-5
6.10083e-5
-9.166e-5
6.17623e-5
-2.70784e-5
4.59939e-5
-2.02268e-5
-4.58956e-6
-8.62181e-6
-9.83477e-7
-3.5733e-6
8.52347e-7
-3.24547e-6
-2.29806e-5
6.83516e-5
-8.64804e-5
7.18594e-5
-2.20627e-5
-1.06871e-5
5.07802e-5
-6.54996e-5
7.37608e-5
-7.31051e-5
7.02202e-5
-7.31379e-5
6.00904e-5
1.80304e-6
-3.82245e-5
3.60608e-7
1.18673e-5
-2.98321e-6
-8.72016e-6
-2.23905e-5
6.92368e-5
-8.32349e-5
7.15315e-5
-2.86192e-5
-4.26173e-6
4.19617e-6
2.24888e-5
-2.87831e-5
7.86781e-6
3.96669e-6
-6.62208e-6
7.86781e-7
-1.17689e-5
-9.63807e-6
6.12706e-5
-7.45803e-5
5.88447e-5
-9.7692e-6
2.65539e-6
2.95043e-7
5.96643e-6
-4.98295e-6
-2.29478e-7
3.80278e-6
3.73721e-6
1.11789e-5
-4.68791e-5
3.17663e-5
-2.22266e-5
2.30461e-5
-1.22935e-5
1.44899e-5
-2.24888e-5
1.05888e-5
-1.01626e-5
7.50721e-6
-4.72069e-6
3.70443e-6
5.24521e-7
-7.93338e-6
1.21295e-6
1.3113e-5
6.81877e-6
-5.54025e-6
1.80304e-6
-3.14713e-6
4.26173e-7
8.22842e-6
7.57277e-6
8.6546e-6
-5.71072e-5
0.000102642
-0.000135162
9.49055e-5
-9.86427e-5
9.45449e-5
-7.78258e-5
5.53042e-5
-2.02924e-5
1.04904e-5
-1.08182e-5
3.73721e-6
-4.22895e-6
-4.39286e-6
-2.66194e-5
6.80894e-5
-7.3728e-5
4.6584e-5
-7.9006e-6
2.23249e-5
-3.14713e-5
6.55651e-7
-4.52399e-6
5.02884e-5
-6.03855e-5
5.93364e-5
-7.27445e-5
6.2418e-5
-2.07841e-5
9.80199e-6
-1.74075e-5
1.21295e-6
9.11355e-6
-6.35982e-6
8.91686e-6
-7.27773e-6
1.13755e-5
-1.38998e-5
-3.04878e-6
6.09756e-6
-2.72095e-6
-9.44138e-6
-5.37634e-6
7.37608e-5
-9.71347e-5
7.96288e-5
-7.87109e-5
9.3922e-5
-7.42197e-5
5.60582e-5
-6.54668e-5
5.42551e-5
-3.77655e-5
-9.44138e-6
6.20246e-5
-7.84159e-5
7.31707e-5
-8.9398e-5
4.74036e-5
-7.73668e-6
-4.26173e-6
3.11106e-5
-3.40939e-6
-1.57356e-5
1.00315e-5
9.50694e-7
-1.61946e-5
1.09166e-5
8.91686e-6
-2.60949e-5
5.57959e-5
-8.78245e-5
9.543e-5
-8.90046e-5
6.38604e-5
-1.30802e-5
-1.06871e-5
8.03173e-6
-9.50694e-6
3.27826e-6
-7.08103e-6
-1.14083e-5
3.98636e-5
-1.52439e-5
-2.79307e-5
6.65158e-5
-7.9301e-5
6.61224e-5
-3.53068e-5
3.27826e-6
5.37634e-6
-4.15027e-5
7.3728e-5
-8.22187e-5
5.82874e-5
-3.74049e-5
3.06517e-5
-1.74731e-5
-9.40859e-6
5.10097e-5
-2.51442e-5
1.03265e-5
-1.27852e-6
-7.86781e-6
-1.23918e-5
1.34408e-6
-6.55651e-7
-2.77013e-5
4.4322e-5
-3.61919e-5
4.44859e-5
-4.16011e-5
6.58602e-5
-8.22187e-5
5.62549e-5
-2.21938e-5
2.45869e-6
-2.19643e-6
2.58982e-6
2.91765e-6
-1.17034e-5
1.04904e-6
1.6129e-5
-1.44899e-5
3.5733e-6
-1.48177e-5
4.36336e-5
-1.96695e-5
4.78625e-6
3.50773e-6
-7.73668e-6
3.73721e-6
-1.47522e-6
-9.40859e-6
1.77026e-6
5.96643e-6
2.32756e-6
-2.78652e-6
-7.60555e-6
-9.17912e-7
-9.50694e-6
-8.91686e-6
5.01245e-5
-4.29452e-6
-3.14713e-6
8.06451e-6
-3.47495e-6
3.24547e-6
2.68817e-6
-6.32703e-6
-2.27511e-5
9.14633e-6
-4.68791e-6
4.39286e-6
1.30802e-5
6.91712e-6
-4.39286e-6
1.63913e-6
5.4419e-6
-5.2616e-5
6.68109e-5
-8.10385e-5
6.66142e-5
-5.9107e-5
5.13375e-5
-7.53999e-6
-2.26527e-5
-7.96616e-6
2.29478e-6
1.38015e-5
2.8193e-6
8.85129e-6
-7.9006e-6
2.29478e-5
-1.52439e-5
1.51128e-5
-2.95371e-5
-2.39313e-6
-6.88434e-6
1.36703e-5
8.68738e-6
-2.95043e-6
-1.131e-5
-9.2119e-6
4.42565e-6
-1.09494e-5
5.69433e-5
-6.99908e-5
7.77602e-5
-6.74009e-5
6.62536e-5
-7.1466e-5
7.92027e-5
-8.40545e-5
6.18279e-5
-6.3467e-5
7.63178e-5
-8.94308e-5
7.07448e-5
-1.87188e-5
1.21951e-5
-1.14411e-5
-4.58956e-7
1.11461e-6
-2.6226e-7
1.08182e-6
-5.34356e-6
-7.24495e-6
3.47495e-6
2.05547e-5
-4.49121e-6
-1.95712e-5
1.13755e-5
-2.85208e-6
-1.46538e-5
-3.21269e-6
9.37581e-6
5.90086e-6
6.55651e-6
-1.72436e-5
4.29452e-6
-1.57356e-5
4.5076e-5
-2.56032e-5
-1.03593e-5
6.52373e-6
1.33425e-5
-1.58668e-5
1.56045e-5
-2.20627e-5
5.80251e-6
-1.6588e-5
5.02229e-5
-3.33071e-5
-1.01626e-6
-1.30475e-5
3.28153e-5
-2.49475e-5
-4.19617e-6
6.84828e-5
-9.04143e-5
6.19263e-5
-6.55651e-8
-1.93745e-5
9.11355e-6
-1.22279e-5
4.19617e-6
-3.14713e-6
1.67847e-5
-8.72016e-6
1.26869e-5
-1.52111e-5
-2.09808e-6
3.54052e-6
-9.40859e-6
1.57356e-6
-1.21623e-5
2.95043e-7
-3.40939e-6
1.10805e-5
-7.21216e-7
4.58956e-7
-1.73748e-6
2.26527e-5
-9.04799e-6
2.40624e-5
-6.08772e-5
8.01534e-5
-7.48754e-5
6.97941e-5
-5.9697e-5
2.35051e-5
8.52347e-7
-8.19564e-7
-9.9659e-6
-3.04878e-6
6.88434e-7
1.41948e-5
1.508e-6
-5.93364e-6
1.17034e-5
-1.78009e-5
1.97351e-5
-2.85864e-5
1.57028e-5
-1.15722e-5
-1.3113e-7
-3.46839e-5
6.33031e-5
-4.60595e-5
5.98282e-5
-5.57959e-5
5.24849e-5
-5.84841e-5
4.84854e-5
-5.47469e-6
-8.55625e-6
1.13428e-5
-1.64896e-5
5.80251e-6
3.21269e-6
1.67847e-5
-3.90112e-5
5.60582e-6
-9.83477e-7
-9.63807e-6
2.58327e-5
-1.81288e-5
-7.83503e-6
-1.70797e-5
6.01888e-5
-6.41882e-5
8.58247e-5
-9.77248e-5
8.1563e-5
-7.27773e-5
7.70718e-5
-8.04484e-5
8.28415e-5
-7.93994e-5
8.58575e-5
-7.54982e-5
7.56294e-5
-8.09401e-5
6.91384e-5
-5.62221e-5
7.47442e-5
-7.18922e-5
3.17007e-5
1.34736e-5
-1.12772e-5
6.72042e-6
2.78652e-6
-2.68817e-6
4.3273e-6
-5.93364e-6
-9.80199e-6
1.35064e-5
-3.11434e-6
1.37359e-5
-5.98937e-5
6.47783e-5
-5.87791e-5
7.80225e-5
-9.08077e-5
8.85457e-5
-7.67112e-5
8.37922e-5
-8.38906e-5
6.99908e-5
-5.92709e-5
6.03199e-6
9.04799e-6
3.14713e-6
-1.14739e-5
1.68175e-5
-3.08156e-6
1.35064e-5
-9.47416e-6
1.99318e-5
-5.76645e-5
7.80553e-5
-5.43863e-5
2.36034e-5
6.52373e-6
-4.57972e-5
2.52098e-5
-2.23249e-5
3.96669e-6
6.29425e-6
7.83503e-6
-1.03265e-5
9.2119e-6
-1.63913e-6
-3.14713e-6
-6.03199e-6
1.28508e-5
4.81904e-6
9.11355e-6
-1.25557e-5
6.55651e-6
1.5834e-5
-5.35667e-5
9.0611e-5
-8.15958e-5
2.42591e-5
-6.16312e-6
-8.13007e-6
-5.21243e-6
1.30475e-5
-4.75347e-6
1.70469e-6
-1.15067e-5
1.07527e-5
-1.02609e-5
3.93391e-6
1.90139e-6
1.24574e-6
1.9145e-5
-4.75347e-6
1.80304e-5
-5.70417e-5
6.38604e-5
-6.27458e-5
8.02517e-5
-6.56307e-5
2.04891e-5
5.27799e-6
-2.45869e-6
2.55704e-6
-2.19643e-6
1.03265e-5
1.24574e-6
-2.85208e-6
3.93391e-6
6.29425e-6
-4.48793e-5
2.58654e-5
-3.54052e-6
5.31077e-6
5.27799e-6
1.11461e-6
-6.16312e-6
2.262e-5
-4.66496e-5
1.95056e-5
-5.93364e-6
1.55389e-5
-4.49121e-6
-1.15395e-5
3.87162e-5
-6.03855e-5
2.19643e-5
-9.17912e-7
1.11133e-5
-8.85129e-7
5.8353e-6
-3.60608e-7
4.58956e-6
-9.50694e-6
3.86834e-6
3.31432e-5
-5.01245e-5
3.76016e-5
-4.57317e-5
1.3572e-5
-1.11461e-6
3.54052e-6
6.62208e-6
-9.83477e-6
3.80278e-6
0
-1.27852e-5
2.34067e-5
9.86755e-6
-5.20259e-5
8.36283e-5
-9.82493e-5
8.41856e-5
-7.06792e-5
5.86808e-5
-6.00249e-5
6.74993e-5
-6.82861e-5
8.25793e-5
-7.54654e-5
7.18266e-5
-7.83831e-5
8.26448e-5
-7.25806e-5
2.58982e-5
1.98007e-5
-4.91411e-5
3.37333e-5
-1.62601e-5
1.0851e-5
1.87188e-5
-7.07448e-5
0.000105101
-8.13335e-5
3.32743e-5
-8.39233e-6
1.14411e-5
-1.83582e-5
8.35955e-6
-5.17964e-6
1.69814e-5
-3.21269e-6
-1.48833e-5
2.19971e-5
-3.34382e-6
1.77026e-5
-4.71413e-5
3.0455e-5
7.11382e-6
-3.9044e-5
2.24888e-5
9.14633e-6
-1.34408e-6
-8.55625e-6
8.4579e-6
9.17912e-6
-6.85483e-5
8.28415e-5
-6.29425e-5
8.06779e-5
-6.41555e-5
3.16352e-5
-3.12746e-5
6.88434e-6
3.86834e-6
7.37608e-6
3.04878e-6
5.24521e-7
-1.07527e-5
1.76698e-5
-1.21295e-6
-3.76999e-6
6.55651e-8
6.1959e-6
-6.58929e-6
3.3766e-6
3.93391e-6
-3.58641e-5
2.0358e-5
-5.01573e-6
1.44571e-5
-1.18673e-5
2.19971e-5
-4.30763e-5
1.42932e-5
7.11382e-6
-1.18017e-6
2.91765e-6
1.37687e-6
-2.95043e-6
1.24574e-5
1.34408e-5
-5.02557e-5
4.07487e-5
-9.83477e-7
9.80199e-6
-5.39601e-5
7.96288e-5
-6.52373e-5
1.61946e-5
2.32101e-5
-4.51088e-5
3.04878e-5
-5.40912e-6
7.53999e-6
9.14633e-6
-3.84212e-5
2.72423e-5
6.78599e-6
-3.85523e-5
1.95056e-5
2.35707e-5
-5.22226e-5
8.18253e-5
-7.81536e-5
3.72738e-5
-5.21243e-6
7.7039e-6
4.39286e-6
-7.17282e-5
8.77261e-5
-5.04196e-5
7.24495e-6
2.36034e-6
1.10149e-5
-2.72095e-6
1.40637e-5
7.86781e-6
-3.10779e-5
1.49816e-5
-2.262e-6
-2.39313e-6
6.52373e-6
1.25557e-5
-3.87818e-5
3.5274e-5
-5.42879e-5
8.70049e-5
-8.16941e-5
0.000101364
-0.000122607
0.000100085
-8.353e-5
8.04484e-5
-7.16955e-5
3.19302e-5
5.0813e-6
1.73748e-6
2.38329e-5
-5.52714e-5
1.37031e-5
1.33425e-5
-4.03225e-6
7.76947e-6
-3.90112e-6
2.39641e-5
-3.96997e-5
3.35693e-5
-2.45541e-5
1.80304e-5
-5.6091e-5
0.000110739
-0.000143719
0.000117001
-6.26803e-5
1.49816e-5
5.90086e-6
-5.24521e-7
2.09153e-5
-4.56333e-5
3.07173e-5
-2.29478e-7
1.60962e-5
-5.52386e-5
8.47429e-5
-7.81208e-5
2.15381e-5
1.95712e-5
-5.5173e-5
6.76632e-5
-5.71728e-5
2.9406e-5
1.59651e-5
-5.6681e-5
8.03501e-5
-6.2713e-5
3.62575e-5
2.95043e-6
-4.15027e-5
2.91437e-5
9.31025e-6
3.27826e-7
-9.90033e-6
2.19643e-6
1.18017e-5
-3.21269e-5
1.3867e-5
1.40965e-5
9.63807e-6
-3.46512e-5
1.53422e-5
7.53999e-6
9.17912e-6
-4.00603e-5
2.89142e-5
9.08077e-6
-3.91424e-5
2.37674e-5
1.1605e-5
-3.95358e-5
3.61264e-5
1.17689e-5
-3.89457e-5
3.57002e-5
-5.64188e-5
7.89732e-5
-6.66469e-5
2.89798e-5
1.88172e-5
-5.69433e-5
9.48072e-5
-0.000129426
0.000112084
-8.5038e-5
8.43823e-5
-6.61552e-5
2.63244e-5
-5.54025e-6
1.01298e-5
-4.65512e-6
1.90139e-5
-6.65486e-5
8.91686e-5
-8.82834e-5
7.38263e-5
-5.88775e-5
3.02911e-5
-5.4419e-6
-3.3766e-6
1.03921e-5
1.36703e-5
-4.85182e-5
4.25518e-5
-4.1306e-6
-1.03265e-5
7.40886e-6
6.29425e-6
5.21243e-6
-6.53356e-5
9.4381e-5
-9.06438e-5
8.14974e-5
-9.27746e-5
8.35627e-5
-5.46813e-5
1.41948e-5
-5.67138e-6
5.01573e-6
-7.31051e-6
-7.21216e-7
5.67138e-6
-6.88434e-7
-1.56045e-5
5.54353e-5
-6.31064e-5
6.61224e-5
-4.74036e-5
1.18017e-5
7.67112e-6
-7.63834e-6
1.0851e-5
-2.6226e-7
1.11461e-6
-1.37359e-5
4.53383e-5
-4.63218e-5
3.40611e-5
-4.24862e-5
6.28114e-5
-7.53671e-5
8.70377e-5
-6.7237e-5
1.50144e-5
1.45882e-5
-3.77983e-5
2.51114e-5
1.90139e-5
-6.11723e-5
9.12011e-5
-5.50419e-5
2.28822e-5
-4.21256e-5
2.8947e-5
3.93391e-7
-2.65539e-6
8.4579e-6
6.91712e-6
-4.99278e-5
3.19958e-5
2.16365e-6
1.31786e-5
-3.72082e-5
1.07527e-5
-4.72069e-6
1.1605e-5
-8.85129e-7
5.04851e-6
-1.67191e-5
2.65539e-5
6.78599e-6
-4.67151e-5
1.15067e-5
2.78324e-5
-1.54734e-5
2.06858e-5
-5.34684e-5
7.99567e-5
-8.24154e-5
3.6487e-5
-1.11789e-5
4.78625e-6
1.67519e-5
1.3113e-5
-5.10752e-5
7.48754e-5
-6.26147e-5
2.27183e-5
2.03252e-6
1.39654e-5
-5.62549e-5
7.82192e-5
-6.77288e-5
3.40283e-5
-8.19564e-7
-1.12772e-5
1.11461e-6
1.19329e-5
-2.262e-6
-1.81943e-5
1.15067e-5
1.0556e-5
1.14739e-6
-1.508e-5
9.99868e-6
1.99974e-6
-3.04878e-6
6.78599e-6
3.34382e-6
-4.82887e-5
7.30723e-5
-9.71347e-5
7.54654e-5
-7.19577e-5
8.01206e-5
-6.4975e-5
7.39247e-5
-6.90401e-5
7.52032e-5
-7.50065e-5
9.47088e-5
-0.000149882
0.000159717
-0.000143555
0.000114542
-5.64843e-5
1.39654e-5
2.19643e-6
3.04878e-6
-6.49095e-6
4.26173e-6
-3.27826e-7
-1.44243e-5
1.02282e-5
1.21295e-6
4.29452e-6
-1.47849e-5
1.98662e-5
4.19617e-6
1.14083e-5
-4.2519e-5
2.72423e-5
-8.85129e-6
1.51128e-5
-4.96328e-5
7.43508e-5
-6.57618e-5
1.86205e-5
5.24521e-7
1.59979e-5
6.75321e-6
-4.7043e-5
4.82231e-5
-4.12732e-5
1.54078e-6
1.95712e-5
6.85155e-6
-9.24468e-6
1.66208e-5
-4.03225e-6
1.6129e-5
-5.58615e-5
9.62824e-5
-0.000121984
0.000106052
-6.40243e-5
2.60949e-5
1.78009e-5
-4.38958e-5
3.04878e-5
-6.17296e-5
6.73682e-5
-5.20259e-5
6.98268e-5
-6.88762e-5
4.75347e-5
-4.48138e-5
1.66208e-5
8.03173e-6
1.51783e-5
3.60608e-6
-6.17951e-5
0.00010002
-7.20888e-5
4.75019e-5
-4.31746e-5
2.47508e-5
1.06543e-5
-4.94033e-5
2.07186e-5
1.25229e-5
-1.47522e-6
8.75294e-6
1.68502e-5
-5.14031e-5
2.71112e-5
2.39313e-6
-1.04904e-6
2.13414e-5
-2.58327e-5
1.10149e-5
1.54734e-5
-3.19958e-5
2.74718e-5
-3.94374e-5
2.31117e-5
1.22607e-5
-5.67466e-5
9.33647e-5
-8.23498e-5
3.54707e-5
-3.73721e-6
1.40637e-5
-2.97666e-5
1.99646e-5
3.07173e-5
-6.63519e-5
4.79281e-5
-4.1011e-5
3.45528e-5
-4.22239e-5
5.29766e-5
-4.81904e-5
1.54734e-5
9.60529e-6
4.22895e-6
1.48833e-5
-4.54038e-5
3.82245e-5
-3.94374e-5
4.11749e-5
-6.04838e-5
8.09729e-5
-6.40899e-5
1.0097e-5
1.97351e-5
-1.21295e-6
6.32703e-6
-2.22921e-6
1.19329e-5
-5.22554e-5
7.57277e-5
-6.48111e-5
4.87477e-5
-6.91384e-5
9.07749e-5
-7.03514e-5
3.94702e-5
-6.03855e-5
9.39876e-5
-6.53684e-5
3.73721e-5
-5.84841e-5
7.61539e-5
-6.90729e-5
1.29163e-5
2.09808e-6
1.59651e-5
-7.53999e-7
6.35982e-6
1.17362e-5
-3.76016e-5
3.50446e-5
-3.41922e-5
2.38657e-5
2.68489e-5
-4.39286e-5
3.92079e-5
-6.15656e-5
0.000103757
-0.00012359
0.000103331
-5.7894e-5
3.10451e-5
-5.04851e-5
4.08799e-5
4.42565e-6
-5.0354e-5
8.56936e-5
-6.63519e-5
2.24561e-5
1.97023e-5
-3.97652e-5
2.04563e-5
1.75715e-5
-3.68148e-5
2.57015e-5
-2.8193e-5
3.85195e-5
-5.91397e-5
7.96616e-5
-5.25504e-5
1.85877e-5
2.17021e-5
-4.23223e-5
3.83884e-5
-6.20902e-5
4.76003e-5
-5.6845e-5
9.39548e-5
-6.00249e-5
2.71767e-5
-4.22895e-5
3.08484e-5
2.09481e-5
-5.11408e-5
2.70456e-5
1.34408e-5
-5.42551e-5
7.39247e-5
-6.47456e-5
3.36021e-5
5.57303e-6
-4.91738e-6
1.57684e-5
-3.99619e-5
5.01573e-5
-6.52045e-5
3.18319e-5
5.80251e-6
1.35064e-5
-7.38919e-5
9.41843e-5
-7.18922e-5
2.36362e-5
1.0556e-5
1.32114e-5
-3.92079e-5
7.31051e-6
1.12772e-5
-5.47469e-6
1.74403e-5
-2.46853e-5
4.06504e-5
-4.75019e-5
2.9996e-5
2.54065e-5
-3.34054e-5
1.47849e-5
2.91437e-5
-3.25859e-5
4.1011e-5
-5.32389e-5
3.25203e-5
-4.47482e-5
2.83569e-5
1.38015e-5
-3.17007e-5
1.33753e-5
1.66208e-5
-4.85182e-5
2.47508e-5
2.21282e-5
-6.54668e-5
7.9301e-5
-5.71072e-5
1.03921e-5
1.97351e-5
-2.4882e-5
2.36034e-5
-8.4579e-6
9.40859e-6
5.76973e-6
-4.23223e-5
3.62903e-5
2.36034e-6
5.93364e-6
-2.19643e-5
2.96027e-5
-4.19617e-5
1.44243e-5
6.9499e-6
2.65539e-6
9.14633e-6
-3.99292e-5
3.12418e-5
8.32677e-6
-2.79963e-5
1.30802e-5
1.64896e-5
-4.15027e-5
9.63807e-6
4.94689e-5
-4.49121e-5
3.37988e-5
-3.48479e-5
2.1407e-5
1.21295e-5
-5.57631e-5
9.94951e-5
-0.000122377
0.000113034
-8.22187e-5
1.96695e-5
2.49475e-5
-5.23865e-5
9.51678e-5
-0.000113034
0.000123525
-0.000143293
0.000108182
-7.08759e-5
8.33005e-5
-5.09113e-5
2.5472e-5
-2.32101e-5
-1.60635e-6
4.37975e-5
-5.65499e-5
4.15027e-5
-2.86847e-5
3.26514e-5
-5.12391e-5
4.16338e-5
-4.32074e-5
3.89129e-5
-4.00603e-5
2.51442e-5
1.76042e-5
-4.94689e-5
2.18004e-5
1.85221e-5
-2.88487e-6
2.55704e-6
2.11448e-5
-4.65185e-5
3.87818e-5
-3.85195e-5
3.63559e-5
-5.41896e-5
3.65526e-5
2.04563e-5
-3.7536e-5
3.31432e-5
-4.62234e-5
2.20954e-5
1.24574e-5
2.13414e-5
-4.27812e-5
2.81274e-5
-4.30763e-5
2.42919e-5
-1.97023e-5
4.49449e-5
-3.22253e-5
1.69158e-5
6.81877e-6
-3.54052e-5
1.99974e-5
-2.22921e-6
3.70443e-5
-4.64201e-5
1.83582e-5
-1.04904e-5
1.86861e-5
-4.36664e-5
3.91096e-5
1.32114e-5
-4.15355e-5
3.07828e-5
2.37018e-5
-4.42892e-5
3.99947e-5
-3.7536e-5
1.84238e-5
6.65486e-6
-3.56019e-5
4.27812e-5
-6.47128e-5
7.80225e-5
-4.45515e-5
3.16352e-5
-4.08143e-5
2.19971e-5
1.79648e-5
-4.09454e-5
4.4781e-5
-4.25845e-5
1.47194e-5
6.98268e-6
3.20286e-5
-4.96e-5
5.06163e-5
-4.28796e-5
3.50446e-5
-3.85523e-5
3.15368e-5
-3.56674e-5
2.89142e-5
-4.09454e-5
2.97666e-5
2.65539e-6
6.06477e-6
-1.69486e-5
2.02268e-5
-3.60608e-5
3.50773e-5
-3.3471e-5
2.46853e-5
-4.72069e-6
3.3766e-5
-5.72711e-5
5.16325e-5
-4.23878e-5
1.885e-5
8.19564e-7
2.9406e-5
-3.78966e-5
2.55048e-5
-5.55009e-5
1.89155e-5
1.10805e-5
2.21938e-5
-3.47823e-5
4.15355e-5
-2.77668e-5
2.7898e-5
-5.24193e-5
3.57986e-5
-3.13073e-5
3.81261e-5
-3.58641e-5
4.36992e-5
-4.86165e-5
2.85536e-5
7.1466e-6
-3.39299e-5
2.99633e-5
-6.59257e-5
9.60857e-5
-7.73341e-5
9.85116e-5
-0.000118968
9.38892e-5
-3.15696e-5
1.76698e-5
-4.21256e-5
3.62575e-5
-4.64201e-5
4.08799e-5
-4.96328e-5
0.000103593
-0.000136408
0.000125131
-6.66797e-5
2.91765e-5
-3.31104e-5
2.44558e-5
3.27826e-8
8.13007e-6
-3.38644e-5
2.27511e-5
9.27746e-6
-3.21597e-5
4.33058e-5
-3.9503e-5
3.37333e-5
-5.17964e-5
5.4583e-5
-5.6386e-5
5.48124e-5
-4.07159e-5
2.61933e-5
3.50446e-5
-2.62916e-5
-1.15395e-5
2.90781e-5
-3.46184e-5
2.33412e-5
-4.15683e-5
5.3829e-5
-4.56333e-5
3.04222e-5
-4.24534e-5
3.37988e-5
8.35955e-6
-2.80947e-5
3.94374e-5
-3.68804e-5
3.66837e-5
-3.89785e-5
2.10136e-5
-2.35707e-5
7.31051e-6
3.19302e-5
-4.60267e-5
2.49147e-5
1.22607e-5
-4.83215e-5
4.26501e-5
-6.19263e-5
9.64135e-5
-4.39614e-5
1.78993e-5
-3.45856e-5
3.39299e-5
-4.93705e-5
3.829e-5
1.90794e-5
-3.52413e-5
3.62247e-5
-2.1112e-5
2.79307e-5
-2.98649e-5
3.26514e-5
-3.87818e-5
3.17663e-5
-3.98308e-5
4.65512e-5
-2.85864e-5
4.16994e-5
-7.15643e-5
2.82913e-5
2.46525e-5
-2.6685e-5
1.74403e-5
-2.52754e-5
1.53422e-5
-1.20312e-5
1.5834e-5
-3.94702e-5
3.1963e-5
1.66863e-5
-4.10765e-5
3.00288e-5
-4.14044e-5
3.12418e-5
-5.37634e-6
1.86861e-5
-4.02898e-5
2.73734e-5
1.31458e-5
-4.38958e-5
3.7536e-5
-4.5076e-5
2.70784e-5
-4.36008e-6
6.88434e-7
1.40965e-5
1.77026e-5
-5.43863e-5
2.7898e-5
1.74403e-5
-4.35025e-5
3.75688e-5
-8.85129e-7
1.49161e-5
-5.01245e-5
2.53081e-5
2.698e-5
-4.81576e-5
3.80606e-5
-4.38631e-5
2.77996e-5
7.44164e-6
1.08182e-6
1.69158e-5
-4.86493e-5
5.0813e-5
-3.44545e-5
2.9242e-5
-4.37319e-5
3.83228e-5
-2.88159e-5
3.34382e-5
-5.7894e-5
9.22173e-5
-6.87122e-5
5.09113e-5
-5.43207e-5
3.54707e-5
-3.62575e-5
2.91437e-5
1.89483e-5
-3.10451e-5
5.21243e-6
1.47522e-5
-2.71767e-5
3.829e-5
-4.30763e-5
2.55048e-5
-5.08457e-5
8.19564e-5
-6.28769e-5
3.92407e-5
-2.77013e-5
1.43588e-5
5.37634e-6
-2.60621e-5
2.95371e-5
-5.16653e-5
8.97586e-5
-7.96616e-5
2.15709e-5
1.54078e-6
6.32703e-6
8.72016e-6
-3.89129e-5
3.99619e-5
-5.18292e-5
7.01875e-5
-7.24822e-5
8.69066e-5
-6.14345e-5
3.91096e-5
-3.20286e-5
2.85864e-5
-3.49462e-5
1.15722e-5
1.32114e-5
-7.86781e-7
2.02596e-5
-5.21571e-5
2.6226e-5
3.34382e-6
1.73748e-5
-4.37647e-5
2.20627e-5
1.32769e-5
-5.16981e-5
0.000103626
-0.000139424
0.000114968
-6.5434e-5
3.43889e-5
-5.48124e-5
9.44138e-5
-9.10372e-5
9.40532e-5
-5.84513e-5
2.56032e-5
-4.66168e-5
4.11093e-5
-3.30776e-5
9.11355e-6
-3.70443e-6
2.63244e-5
-6.74337e-5
0.000100774
-8.6546e-5
9.29386e-5
-7.34329e-5
1.99318e-5
-5.93364e-6
1.80304e-6
1.60635e-6
-1.7637e-5
2.38985e-5
3.40939e-6
4.09782e-6
-4.98623e-5
8.31038e-5
-7.14004e-5
4.80264e-5
-7.14988e-5
8.99226e-5
-6.23196e-5
5.70089e-5
-7.4777e-5
0.000104609
-0.000126606
0.000123328
-0.000140998
0.000113264
-4.83543e-5
3.2717e-5
-4.18633e-5
3.8749e-5
-5.93364e-5
7.28756e-5
-4.43876e-5
3.28481e-5
-4.56989e-5
2.9242e-5
5.73695e-6
3.38972e-5
-5.42551e-5
5.02229e-5
-5.06163e-5
3.89457e-5
-4.20272e-5
2.8652e-5
-3.40939e-5
3.6782e-5
-4.00931e-5
3.35038e-5
1.87844e-5
-2.59966e-5
4.16338e-5
-4.23223e-5
2.13414e-5
-2.75701e-5
3.86506e-5
-3.02255e-5
1.6588e-5
-3.35693e-5
3.93719e-5
-3.65853e-5
2.76029e-5
-2.43902e-5
3.04222e-5
-3.24875e-5
3.34054e-5
-5.10752e-5
4.78625e-5
-4.48138e-5
4.70758e-5
-4.5076e-5
2.62916e-5
-3.08156e-6
2.09808e-5
-4.19945e-5
3.92735e-5
-5.7894e-5
9.08405e-5
-4.78298e-5
3.25859e-5
-3.07828e-5
4.03881e-5
-6.24508e-5
5.42551e-5
-3.98964e-5
4.88132e-5
-1.69814e-5
-1.73748e-5
-2.45541e-5
5.8943e-5
-4.97639e-5
4.78953e-5
-2.7898e-5
-2.5472e-5
2.71112e-5
-2.42919e-5
3.51429e-5
-2.2915e-5
4.76003e-5
-5.39601e-5
2.85208e-5
-2.53737e-5
3.40939e-5
-3.89129e-5
3.16352e-5
-3.37988e-5
3.92079e-5
-3.5274e-5
3.86506e-5
-4.16011e-5
3.69459e-5
-3.04878e-5
4.84854e-5
-3.6028e-5
-2.39313e-5
5.62221e-5
-4.05848e-5
5.16981e-5
-8.88407e-5
5.69433e-5
-3.00616e-5
3.33071e-5
-2.87175e-5
1.97023e-5
-2.83569e-5
2.94387e-5
-5.40257e-5
3.9798e-5
2.1112e-5
-2.58327e-5
9.34303e-6
-1.91122e-5
4.71413e-5
-3.32415e-5
3.93063e-5
-4.42892e-5
4.29779e-5
-3.15696e-5
-1.74731e-5
5.77301e-5
-3.79622e-5
-2.49803e-5
4.41909e-5
-2.2161e-5
-3.45528e-5
5.00917e-5
-3.01927e-5
3.35693e-5
-1.38015e-5
-6.32703e-6
-2.97666e-5
3.89129e-5
-2.8947e-5
3.76016e-5
-5.26488e-5
5.22554e-5
-4.23223e-5
2.99305e-5
-2.32756e-5
5.34684e-5
-5.01245e-5
5.39273e-5
-1.62601e-5
-1.32442e-5
-3.76344e-5
3.76999e-5
-3.12418e-5
4.18305e-5
-4.63218e-5
3.41594e-5
-3.24875e-5
4.24862e-5
-5.37306e-5
5.00917e-5
-5.69761e-5
5.05179e-5
-4.1306e-5
2.31773e-5
-3.54052e-6
1.26541e-5
-1.89483e-5
2.57999e-5
-5.76317e-5
7.26134e-5
-6.63847e-5
1.76698e-5
1.02609e-5
2.1407e-5
-4.3273e-5
3.78966e-5
1.08182e-5
-4.93705e-5
4.16994e-5
-5.15342e-5
0.000104314
-0.000121492
8.56608e-5
-5.47141e-5
3.67165e-5
-5.44846e-5
0.000105035
-0.000112116
0.00010533
-7.78914e-5
4.24206e-5
-3.16024e-5
3.38972e-5
-3.71099e-5
3.56674e-5
-3.75688e-5
4.15683e-5
-2.64555e-5
4.21584e-5
-2.34723e-5
-1.87844e-5
4.96984e-5
-3.25859e-5
1.12116e-5
-1.98334e-5
4.36336e-5
-4.99606e-5
3.17991e-5
-4.69774e-5
4.18961e-5
-4.53711e-5
3.075e-5
-2.76685e-5
3.5733e-5
-4.44531e-5
4.90099e-5
-5.32717e-5
5.10097e-5
-3.28481e-5
3.30448e-5
-2.49803e-5
5.39601e-5
-5.74678e-5
4.52071e-5
-2.75701e-5
-1.69158e-5
2.62916e-5
-1.79321e-5
2.08169e-5
-3.4225e-5
2.95699e-5
-2.94715e-5
1.49816e-5
1.34408e-5
-3.90768e-5
3.52413e-5
-2.9996e-5
4.36664e-5
-4.4781e-5
5.43207e-5
-3.3012e-5
3.60608e-5
-3.94046e-5
4.50105e-5
-3.36021e-5
-2.24561e-5
4.11093e-5
-4.90427e-5
5.08457e-5
-2.16037e-5
-1.66535e-5
3.80278e-5
-4.33058e-5
3.8749e-5
-1.49816e-5
-2.34067e-5
3.29465e-5
-4.40925e-5
4.41253e-5
-4.33713e-5
2.09153e-5
3.31759e-5
-5.10752e-5
4.96656e-5
-4.6289e-5
1.99646e-5
1.82927e-5
-2.87175e-5
2.61933e-5
-3.61919e-5
2.6685e-5
-2.48492e-5
1.26213e-5
6.35982e-6
1.68175e-5
-4.76658e-5
3.56019e-5
-3.13073e-5
2.42591e-5
8.6546e-6
-4.64201e-5
4.49449e-5
-3.69459e-5
3.20286e-5
1.84894e-5
-3.13401e-5
3.78639e-5
-3.79294e-5
3.40611e-5
-3.84867e-5
3.26514e-5
-5.57303e-5
2.81602e-5
4.36008e-6
2.35707e-5
-3.10779e-5
2.49803e-5
-4.27812e-5
2.73734e-5
6.06477e-6
4.55678e-6
-3.25203e-5
3.28153e-5
-3.55691e-5
3.35366e-5
1.49816e-5
-2.25216e-5
1.92434e-5
-3.04878e-5
3.81589e-5
-4.66824e-5
5.19276e-5
-4.08799e-5
2.36362e-5
-3.3471e-5
3.1504e-5
-4.17322e-5
2.31773e-5
1.52439e-5
-2.63572e-5
2.53081e-5
-2.23577e-5
1.885e-5
2.50131e-5
-5.01573e-5
3.78639e-5
-3.74705e-5
2.60621e-5
1.9145e-5
-1.57684e-5
-2.53409e-5
4.23551e-5
-4.15355e-5
3.87818e-5
-5.12391e-5
3.452e-5
6.55651e-7
2.55048e-5
-3.016e-5
2.91109e-5
-3.32087e-5
3.31432e-5
-2.87175e-5
1.55717e-5
-2.68161e-5
6.05166e-5
-4.25518e-5
-1.60962e-5
3.83556e-5
-4.09454e-5
4.3273e-5
-2.34067e-5
-4.52399e-6
2.59638e-5
-4.00603e-5
4.71741e-5
-3.35693e-5
3.14713e-5
-3.84212e-5
2.84553e-5
-4.69446e-5
3.10123e-5
-2.65539e-5
2.52098e-5
-1.68175e-5
1.63913e-5
-4.20928e-5
4.63873e-5
-3.69459e-5
2.5177e-5
1.46866e-5
-4.46171e-5
3.94702e-5
-2.35379e-5
3.90112e-6
1.75059e-5
-4.59611e-5
3.62575e-5
4.42565e-6
2.26855e-5
-3.09467e-5
5.2616e-5
-5.76973e-5
4.8551e-5
-4.34697e-5
4.11093e-5
-4.10765e-5
2.67506e-5
-3.43561e-5
2.91437e-5
-2.87175e-5
4.91738e-5
-6.23196e-5
4.70758e-5
-3.62575e-5
2.01941e-5
2.1866e-5
-3.5733e-5
4.62234e-5
-2.79307e-5
-2.07186e-5
4.94361e-5
-3.90768e-5
4.48465e-5
-2.75046e-5
-2.42919e-5
4.16011e-5
-2.42591e-5
-2.34395e-5
2.85864e-5
-3.53396e-5
3.09795e-5
-2.62588e-5
4.53711e-5
-3.00944e-5
1.63585e-5
-2.64555e-5
2.68817e-5
-3.04222e-5
4.81904e-5
-3.3471e-5
2.38657e-5
-3.63231e-5
2.40952e-5
-1.62929e-5
5.23865e-5
-4.26501e-5
2.93732e-5
-2.52754e-5
-2.39641e-5
5.05835e-5
-5.60582e-5
5.13375e-5
-4.64201e-5
4.78625e-5
-5.10097e-5
4.34369e-5
-2.51114e-5
2.38001e-5
-2.33084e-5
2.04563e-5
-1.40309e-5
-2.50131e-5
5.36323e-5
-4.1011e-5
5.45502e-5
-2.22594e-5
-1.87844e-5
-2.34395e-5
5.36323e-5
-3.55691e-5
3.72738e-5
-3.51757e-5
4.48138e-5
-3.06517e-5
-3.0914e-5
5.73039e-5
-3.47823e-5
-2.82913e-5
3.94046e-5
-1.69158e-5
3.92407e-5
-4.92066e-5
5.28127e-5
-4.3273e-5
7.01547e-5
-9.04799e-5
7.976e-5
-9.7397e-5
7.1007e-5
-2.30461e-5
-2.70128e-5
6.2418e-5
-3.75688e-5
6.22869e-7
-6.55651e-6
-1.08838e-5
4.67479e-5
-2.53409e-5
8.52347e-7
-1.12772e-5
-2.20954e-5
5.72711e-5
-4.81904e-5
5.29766e-5
-2.52098e-5
-8.85129e-6
-1.31786e-5
3.14385e-5
-1.40637e-5
-5.86808e-6
-1.02609e-5
5.78612e-5
-7.51376e-5
5.95331e-5
-3.05206e-5
-2.58982e-6
-1.08838e-5
5.07474e-5
-2.81274e-5
-1.19001e-5
5.31077e-6
-5.80251e-6
-2.72751e-5
6.42866e-5
-2.46525e-5
-6.45816e-6
-2.60294e-5
4.28468e-5
-3.3766e-5
5.33044e-5
-2.93404e-5
5.24521e-7
1.29819e-5
-3.0914e-5
4.79609e-5
-8.96603e-5
5.19276e-5
-3.09795e-5
4.91411e-5
-4.09782e-5
3.76344e-5
-5.1108e-5
4.69118e-5
-2.56032e-5
4.73708e-5
-1.37031e-5
6.55651e-6
-2.8193e-5
3.50773e-6
-8.19564e-7
-7.27773e-6
2.88487e-6
8.2612e-6
-2.06202e-5
4.7043e-5
-3.68476e-5
6.29425e-6
-2.95043e-6
-8.91686e-6
4.41253e-5
-2.92748e-5
-1.63913e-5
4.71413e-5
-1.58668e-5
-1.96695e-7
-1.01954e-5
-6.09756e-6
-2.80291e-5
5.62877e-5
-4.23223e-5
2.79307e-5
-3.075e-5
4.95017e-5
-8.06451e-6
-3.31104e-6
-8.19564e-6
-2.93076e-5
5.95659e-5
-8.84473e-5
6.15001e-5
-5.6386e-6
-2.31445e-5
5.20259e-5
-7.83831e-5
6.9204e-5
-3.62575e-5
-3.40611e-5
5.84513e-5
-3.42578e-5
3.76672e-5
-2.63572e-5
1.43588e-5
-2.62916e-5
4.67807e-5
-2.65539e-5
-9.17912e-6
9.83477e-6
-5.99921e-6
-1.94728e-5
4.33713e-5
-4.75347e-5
5.79268e-5
-1.2818e-5
-1.01954e-5
-2.38001e-5
5.81235e-5
-8.3071e-5
6.11723e-5
-2.8193e-5
-1.01954e-5
5.12391e-5
-3.452e-5
7.24495e-6
-1.40637e-5
-2.95043e-7
-3.04878e-6
-1.01954e-5
2.60949e-5
-1.2359e-5
-1.41948e-5
6.49422e-5
-0.000104445
0.000124738
-0.000102872
6.52045e-5
-3.77983e-5
5.88119e-5
-8.03828e-5
6.91712e-5
-0.000103396
0.000114313
-8.28087e-5
7.80553e-5
-7.48426e-5
5.18948e-5
-1.73092e-5
-1.26213e-5
8.94964e-6
-2.60949e-5
4.87149e-5
-2.8947e-5
-4.1306e-6
3.99947e-5
-4.36992e-5
6.15656e-5
-7.87437e-5
7.76619e-5
-6.84172e-5
4.98623e-5
-2.64555e-5
6.68764e-6
-3.54052e-6
-2.43902e-5
4.68463e-5
-3.80278e-5
6.16968e-5
-9.72986e-5
4.34697e-5
-1.06871e-5
5.43863e-5
-7.95633e-5
4.36336e-5
-1.68175e-5
4.26829e-5
-4.3273e-5
4.88132e-5
-2.18004e-5
-1.72436e-5
8.68738e-6
-9.9659e-6
-2.95043e-6
-9.50694e-6
4.60595e-5
-2.15381e-5
-1.11133e-5
-4.39286e-6
1.50472e-5
-2.31445e-5
5.22554e-5
-2.26855e-5
-1.42604e-5
1.27196e-5
-1.36703e-5
-1.46866e-5
4.07159e-5
-1.74075e-5
-4.98295e-6
-3.21925e-5
4.14044e-5
-3.41266e-5
5.12391e-5
-3.68476e-5
-1.38998e-5
3.37005e-5
-2.69473e-5
3.98308e-5
-3.14713e-5
-1.59323e-5
3.98308e-5
-4.43548e-5
5.65499e-5
-3.70115e-5
1.21295e-6
-1.63913e-6
-6.55651e-8
-1.9604e-5
4.82231e-5
-4.9305e-5
5.12719e-5
-3.2717e-5
4.72724e-5
-4.33058e-5
-6.55651e-7
-1.24574e-5
5.11408e-5
-4.15683e-5
5.65499e-5
-0.000115165
0.000144374
-0.000106281
5.59598e-5
-2.14398e-5
-1.07527e-5
-2.13087e-6
3.93391e-6
-5.24521e-7
-2.13087e-5
2.39313e-5
-2.92093e-5
5.66483e-5
-2.22594e-5
-2.98321e-5
5.33044e-5
-1.17034e-5
-1.51128e-5
1.26869e-5
-1.70797e-5
-5.34356e-6
4.28468e-5
-1.78665e-5
-8.91686e-6
-2.85864e-5
6.20902e-5
-8.11696e-5
5.92053e-5
-2.67506e-5
5.22226e-5
-9.22829e-5
6.56962e-5
-4.2519e-5
3.68804e-5
-4.42237e-5
3.77655e-5
-3.28481e-5
5.63532e-5
-4.38303e-5
5.38617e-5
-8.09074e-5
7.05481e-5
-6.091e-5
3.65526e-5
-2.77013e-5
4.7797e-5
-4.05192e-5
3.05533e-5
-2.22921e-5
2.68489e-5
-2.7898e-5
2.82586e-5
-5.16325e-5
5.92381e-5
-3.50773e-5
3.91096e-5
2.19643e-6
-2.22594e-5
-9.63807e-6
-2.88814e-5
2.16693e-5
-2.09153e-5
3.59625e-5
-3.81917e-5
3.24547e-5
-4.85182e-5
2.68161e-5
1.91778e-5
-6.07789e-5
8.93653e-5
-5.80579e-5
3.25859e-5
-3.03239e-5
2.70784e-5
-1.5834e-5
2.90781e-5
-2.56032e-5
5.56976e-5
-8.96603e-5
7.36952e-5
-3.42906e-5
-2.06202e-5
4.06832e-5
-2.21282e-5
5.41568e-5
-0.000101626
0.000133687
-0.000101495
6.28442e-5
-9.13978e-5
7.33674e-5
-3.61592e-5
4.34041e-5
-1.98662e-5
9.83477e-7
-7.9006e-6
3.83556e-6
-2.10136e-5
4.01914e-5
-2.77996e-5
1.63913e-6
-6.49095e-6
4.00603e-5
-4.78953e-5
6.96629e-5
-7.68751e-5
7.07448e-5
-9.96262e-5
6.31064e-5
-3.17335e-5
4.52071e-5
-3.33071e-5
2.86192e-5
-2.22921e-5
6.45816e-6
-2.6226e-5
5.39601e-5
-3.47167e-5
-1.55062e-5
4.79609e-5
-2.31773e-5
-1.19329e-5
1.131e-5
-3.55035e-5
4.76658e-5
-3.11434e-5
5.05835e-5
-2.80619e-5
9.83477e-7
-5.37634e-6
1.3113e-7
-1.65224e-5
6.2418e-5
-8.21531e-5
7.80881e-5
-7.38263e-5
3.54052e-5
-3.98964e-5
5.13375e-5
-3.57658e-5
4.75347e-6
3.39627e-5
-3.17663e-5
2.88159e-5
-4.36664e-5
3.91096e-5
-4.21912e-5
2.74062e-5
-4.06504e-5
3.70115e-5
-2.61605e-5
3.18974e-5
-2.25544e-5
2.40296e-5
-2.55376e-5
2.12103e-5
-4.34041e-5
5.92053e-5
-5.01573e-5
4.05848e-5
-4.18305e-5
3.016e-5
-3.10451e-5
4.76658e-5
-3.35693e-5
3.17663e-5
-3.52085e-5
3.08156e-5
-3.6487e-5
3.92079e-5
-2.58654e-5
4.40598e-5
-4.78953e-5
5.80251e-5
-4.84854e-5
3.96013e-5
-1.92761e-5
-4.04537e-5
7.34985e-5
-7.66784e-5
6.39588e-5
-5.97954e-5
1.90794e-5
1.1605e-5
-3.48151e-5
4.04865e-5
-2.50459e-5
2.94715e-5
-3.44545e-5
3.57658e-5
-3.4225e-5
3.65853e-5
-4.3273e-5
3.94374e-5
-3.43889e-5
3.16024e-5
-5.69761e-5
4.49449e-5
-4.02242e-5
4.66496e-5
-3.81261e-5
3.5733e-5
-5.11408e-5
7.13348e-5
-5.80907e-5
4.15683e-5
-5.10424e-5
3.96669e-5
-5.40912e-6
1.10805e-5
-2.66194e-5
1.64241e-5
2.85536e-5
-4.63873e-5
2.41607e-5
1.07527e-5
-3.71099e-5
2.16365e-5
1.30147e-5
-3.67492e-5
3.55035e-5
-1.69158e-5
2.4718e-5
-2.17348e-5
2.84225e-5
-2.16365e-5
1.68175e-5
-4.95344e-5
4.54366e-5
-3.97325e-5
1.81615e-5
1.94073e-5
-4.51744e-5
4.33713e-5
-3.00616e-5
1.47194e-5
2.57343e-5
-4.59611e-5
4.33058e-5
-3.00944e-5
1.59651e-5
-3.21597e-5
5.64188e-5
-3.71426e-5
3.76999e-5
-2.27183e-5
-1.24574e-5
5.31733e-5
-2.96354e-5
-1.57028e-5
4.53055e-5
-5.14031e-5
3.92079e-5
-2.72751e-5
1.93417e-6
-1.58995e-5
4.45515e-5
-2.55376e-5
3.27826e-6
-6.65486e-6
-1.01298e-5
3.44217e-5
-5.31405e-5
4.20928e-5
-2.00629e-5
3.76016e-5
-3.5733e-5
5.31077e-6
-1.11133e-5
3.075e-5
-2.72095e-5
2.88159e-5
-1.66535e-5
-2.09153e-5
3.12418e-5
-3.19958e-5
3.32743e-5
-1.41293e-5
-1.84566e-5
3.35366e-5
-4.60595e-5
4.35025e-5
-2.48492e-5
1.6129e-5
-3.00616e-5
5.43535e-5
-4.23878e-5
4.90755e-5
-2.57999e-5
-7.53999e-7
-6.35982e-6
-2.74062e-5
2.58982e-5
-3.29137e-5
5.64188e-5
-4.16994e-5
2.75373e-5
-4.33385e-5
1.91778e-5
3.59952e-5
-4.5076e-5
3.32415e-5
-3.78966e-5
3.37005e-5
-2.90781e-5
2.51442e-5
-2.21938e-5
2.29478e-5
-4.72724e-5
3.89785e-5
-3.33726e-5
5.45502e-5
-6.76304e-5
5.08785e-5
-2.58654e-5
3.6487e-5
-1.57684e-5
-3.829e-5
4.31418e-5
-2.60949e-5
3.73721e-5
-4.48465e-5
2.7439e-5
-1.34408e-5
3.31432e-5
-4.79609e-5
5.01573e-5
-3.30448e-5
4.63545e-5
-1.89155e-5
-2.02268e-5
4.52071e-5
-1.90139e-5
-2.28822e-5
-6.75321e-6
4.4027e-5
-4.06504e-5
4.37647e-5
-3.80278e-5
-3.63886e-6
5.19604e-5
-9.79871e-5
0.00011946
-0.000115493
7.98255e-5
-2.55704e-5
-2.23577e-5
4.44531e-5
-2.90126e-5
-1.99974e-6
-8.68738e-6
2.7439e-5
-5.05507e-5
2.96682e-5
-2.0358e-5
3.03894e-5
-3.20286e-5
3.02911e-5
-4.38631e-5
3.07828e-5
1.7342e-5
-4.64857e-5
4.83215e-5
-4.75675e-5
3.45528e-5
-3.51101e-5
4.01259e-5
-4.04209e-5
5.73367e-5
-3.21925e-5
3.90112e-5
-2.69145e-5
7.21216e-7
-1.92434e-5
5.02884e-5
-3.32415e-5
-1.26213e-5
4.16666e-5
-3.56019e-5
3.87818e-5
-3.2258e-5
-7.11382e-6
7.43508e-5
-9.60529e-5
4.51416e-5
-2.22594e-5
4.14044e-5
-3.75032e-5
3.0914e-5
-4.65512e-6
-2.93076e-5
6.9499e-5
-7.1466e-5
6.93351e-5
-9.5889e-5
7.95633e-5
-9.31025e-5
6.30081e-5
-3.37988e-5
4.73708e-5
-3.51757e-5
4.42565e-5
-2.61277e-5
-2.28822e-5
5.64843e-5
-0.000119197
0.000118083
-0.000102019
0.000134802
-0.000130475
0.000131753
-0.000109035
6.88762e-5
-6.08116e-5
4.08799e-5
-3.1209e-5
3.6028e-5
-2.1866e-5
4.45843e-6
-1.0556e-5
4.24206e-5
-5.21898e-5
5.85824e-5
-6.88762e-5
5.0354e-5
-3.27826e-5
4.14044e-5
-3.73721e-5
4.13388e-5
-3.26514e-5
-1.07855e-5
2.66522e-5
-1.99974e-5
-1.25885e-5
3.075e-5
-2.73734e-5
3.98964e-5
-3.94702e-5
2.27183e-5
-1.64568e-5
-7.34329e-6
2.37346e-5
-2.41935e-5
4.17322e-5
-7.93338e-6
-1.77681e-5
-2.93076e-5
5.46157e-5
-3.98964e-5
4.69118e-5
-4.25845e-5
2.79307e-5
-1.91122e-5
-1.54078e-5
1.48505e-5
-2.49147e-5
3.07173e-5
-3.34054e-5
4.05848e-5
-4.42565e-5
3.78311e-5
-2.7898e-5
4.82231e-5
-3.54052e-5
1.45882e-5
-2.4882e-5
1.19656e-5
-3.91096e-5
5.1567e-5
-3.61592e-5
5.16981e-5
-3.39627e-5
4.22895e-5
-4.14044e-5
3.99619e-5
-7.34329e-6
-3.13073e-5
3.44873e-5
-2.02924e-5
-1.75387e-5
2.6226e-5
-1.94073e-5
-2.40624e-5
5.75662e-5
-4.53383e-5
3.01927e-5
-2.48164e-5
1.82271e-5
-2.03252e-5
2.88159e-5
-4.9305e-5
5.05507e-5
-4.95017e-5
3.71426e-5
-1.71781e-5
2.43247e-5
-4.17978e-5
4.18633e-5
-3.54379e-5
4.12077e-5
-2.03252e-5
-3.6028e-5
5.99265e-5
-4.13388e-5
2.42263e-5
-1.56373e-5
3.40283e-5
-5.04196e-5
4.8551e-5
-2.60621e-5
4.36336e-5
-4.06504e-5
-3.93391e-6
5.40257e-5
-0.000112379
0.000106674
-0.000110936
0.000130212
-0.000126639
0.000143948
-0.000120771
5.39929e-5
-3.5274e-5
4.84526e-5
-3.7241e-5
2.35379e-5
-2.34395e-5
2.9701e-5
-2.01613e-5
-1.48177e-5
1.98662e-5
-3.63886e-5
4.49777e-5
-5.94348e-5
3.7536e-5
1.41948e-5
-2.22266e-5
4.07487e-5
-3.05861e-5
3.21597e-5
-4.28468e-5
4.75347e-5
-5.04851e-5
5.38945e-5
-4.43548e-5
5.09441e-5
-4.27812e-5
-1.61618e-5
4.64857e-5
-3.49134e-5
4.76331e-5
-6.01232e-5
3.1504e-5
-1.50144e-5
3.29465e-5
-2.51114e-5
-3.08156e-6
-3.47823e-5
4.21584e-5
-4.11421e-5
4.61251e-5
-4.28796e-5
3.76344e-5
-3.4225e-5
3.51101e-5
-2.87831e-5
3.21269e-5
-4.34697e-5
4.58956e-5
-4.83543e-5
3.1209e-5
-5.15342e-5
9.1365e-5
-7.04825e-5
5.20915e-5
-6.03527e-5
3.28481e-5
1.50472e-5
-6.18607e-5
8.21531e-5
-4.89771e-5
2.92748e-5
-4.89771e-5
4.15355e-5
-3.92735e-5
4.15355e-5
-4.32402e-5
3.94374e-5
-3.14057e-5
4.14044e-5
-2.36034e-5
1.64241e-5
-1.84238e-5
3.35366e-5
-4.52071e-5
4.82559e-5
-6.22213e-5
5.62221e-5
-2.93404e-5
3.64542e-5
-4.16011e-5
3.25531e-5
-4.10438e-5
4.63873e-5
-3.69132e-5
3.52413e-5
-1.885e-5
2.00957e-5
-3.9798e-5
6.17296e-5
-3.62575e-5
-1.61946e-5
2.55704e-5
-4.55678e-5
4.38303e-5
-4.48793e-5
3.01927e-5
1.69158e-5
-2.89142e-5
3.7536e-5
-3.452e-5
1.41948e-5
-2.0653e-5
3.50446e-5
-4.64529e-5
4.45187e-5
-3.55691e-5
2.25216e-5
-3.25203e-5
5.35339e-5
-5.13047e-5
4.05848e-5
-3.87162e-5
2.79963e-5
-4.24534e-5
4.15027e-5
-3.6782e-5
3.79622e-5
-4.92394e-5
0.000104314
-0.000115362
0.000116476
-0.000129524
9.92328e-5
-5.28455e-5
3.63886e-5
-4.97639e-5
4.71085e-5
-4.17322e-5
5.5337e-5
-4.06176e-5
2.56032e-5
-3.82572e-5
4.14372e-5
-3.4225e-5
3.2717e-5
-3.17335e-5
2.2915e-5
-2.43902e-5
4.31418e-5
-6.10411e-5
7.16299e-5
-4.36992e-5
3.14713e-5
-2.19643e-5
2.23249e-5
-2.9996e-5
2.86192e-5
-2.97666e-5
4.2814e-5
-4.71413e-5
4.66824e-5
-3.1209e-5
3.1668e-5
-4.63545e-5
4.04209e-5
-5.54681e-5
2.83569e-5
2.19643e-5
-2.28167e-5
3.05533e-5
-3.00288e-5
4.84526e-5
-4.19945e-5
-1.15067e-5
3.55363e-5
-4.53055e-5
4.82559e-5
-3.57002e-5
4.24534e-5
-2.90453e-5
-2.25216e-5
3.63559e-5
-3.51429e-5
4.50105e-5
-1.3113e-5
-2.7439e-5
3.10451e-5
-1.28835e-5
-5.24521e-6
-2.1866e-5
3.35038e-5
-1.19001e-5
-2.56032e-5
3.71099e-5
-4.30435e-5
3.1209e-5
-1.4326e-5
7.11382e-6
3.4979e-5
-3.86506e-5
5.4419e-5
-7.9006e-5
6.32376e-5
-2.90781e-5
-2.34067e-5
5.36323e-5
-4.2519e-5
2.37674e-5
-9.73642e-6
-1.57028e-5
2.87503e-5
-2.30461e-5
2.21938e-5
-1.58995e-5
3.77327e-5
-2.91109e-5
-5.21243e-6
-1.7342e-5
2.93404e-5
-2.85864e-5
4.01914e-5
-3.60936e-5
4.73052e-5
-3.08156e-5
-2.25872e-5
5.53042e-5
-3.77655e-5
-5.11408e-6
4.51088e-5
-3.51101e-5
-1.46866e-5
4.60267e-5
-3.57658e-5
-1.06543e-5
4.74364e-5
-4.1306e-6
3.44217e-6
-2.91765e-5
1.01298e-5
-1.03265e-5
-1.21623e-5
3.70115e-5
-4.4027e-5
2.56687e-5
-1.01298e-5
-7.31051e-6
1.80304e-5
-5.53042e-5
7.18922e-5
-3.32087e-5
3.86834e-5
-4.31418e-5
3.18974e-5
-2.31117e-5
-1.67519e-5
4.84526e-5
-2.09481e-5
-3.016e-5
4.39286e-5
-2.84553e-5
-1.58995e-5
4.24206e-5
-2.34395e-5
-1.51455e-5
2.07186e-5
-2.60949e-5
3.34054e-5
-1.54406e-5
-8.49068e-6
3.09795e-5
-3.10451e-5
1.83255e-5
-1.41948e-5
2.34067e-5
-1.59979e-5
-3.34382e-6
-1.12116e-5
5.47469e-5
-3.12746e-5
-8.49068e-6
-5.27799e-6
5.05507e-5
-8.02517e-5
5.9861e-5
-2.19643e-5
-1.02609e-5
3.75032e-5
-2.1866e-5
-7.83503e-6
-1.79976e-5
3.58969e-5
-4.27485e-5
3.54707e-5
-5.47797e-5
4.46498e-5
-2.38657e-5
3.99947e-5
-4.17978e-5
2.80291e-5
-2.48164e-5
1.24574e-5
2.58982e-5
-3.34054e-5
4.38303e-5
-4.47154e-5
6.27458e-5
-9.82165e-5
0.000118509
-0.000119624
0.000115132
-0.000106576
7.46131e-5
-3.73721e-5
3.32743e-5
-6.03199e-6
-3.16024e-5
6.22213e-5
-9.63807e-5
5.8353e-5
-5.8353e-6
4.58956e-7
-1.11133e-5
4.8846e-5
-8.05795e-5
6.99252e-5
-3.64542e-5
-1.73092e-5
3.99619e-5
-3.3766e-5
5.05179e-5
-4.31746e-5
3.54052e-5
-2.31773e-5
-2.77668e-5
5.0059e-5
-2.38985e-5
-2.18332e-5
4.62234e-5
-4.67807e-5
4.24862e-5
-3.38644e-5
3.72082e-5
-3.37005e-5
7.13676e-5
-9.77904e-5
6.81877e-5
-4.05192e-5
7.65145e-5
-9.0152e-5
6.26803e-5
-9.10699e-5
6.82205e-5
-3.30776e-5
3.76016e-5
-3.88801e-5
4.86165e-5
-4.35025e-5
4.80592e-5
-6.23524e-5
5.25504e-5
-3.26186e-5
1.29491e-5
-1.24574e-5
1.16706e-5
-6.72042e-6
-2.51442e-5
4.33385e-5
-4.53055e-5
4.11421e-5
-2.94387e-5
4.03553e-5
-3.89457e-5
3.64214e-5
-3.68148e-5
4.92066e-5
-2.84225e-5
-1.76698e-5
3.59625e-5
-4.12405e-5
3.62247e-5
-2.74062e-5
2.97666e-5
-3.8749e-5
2.1407e-5
-2.20627e-5
4.53711e-5
-4.1306e-5
3.21925e-5
-3.20613e-5
5.72383e-5
-9.83149e-5
0.000105625
-9.23812e-5
5.16653e-5
-2.27839e-5
3.61919e-5
-2.5177e-5
-2.27511e-5
4.02242e-5
-2.34067e-5
3.75688e-5
-2.82913e-5
-1.9145e-5
4.80592e-5
-3.60936e-5
1.04904e-5
-1.77681e-5
3.48479e-5
-3.49134e-5
1.44243e-5
-2.07186e-5
5.11736e-5
-4.32074e-5
3.86506e-5
-3.36677e-5
2.16365e-6
-1.10477e-5
2.3669e-5
-2.78324e-5
4.04865e-5
-3.9044e-5
6.32703e-5
-8.73327e-5
5.59926e-5
-3.33726e-5
2.35051e-5
-4.04537e-5
4.16666e-5
-3.80606e-5
4.09782e-5
-2.91437e-5
5.05507e-5
-3.57986e-5
-1.70469e-5
5.23537e-5
-1.59979e-5
-2.69145e-5
3.58969e-5
-4.26173e-5
4.73708e-5
-3.28153e-5
-3.60608e-7
1.00315e-5
-2.7734e-5
3.78311e-5
-3.51757e-5
4.7043e-5
-3.13401e-5
-1.77354e-5
5.12391e-5
-2.52098e-5
-9.93312e-6
5.14686e-6
-1.26869e-5
1.56373e-5
-3.31432e-5
5.79268e-5
-5.3075e-5
3.91096e-5
-3.10779e-5
5.29438e-5
-2.66194e-5
-1.78993e-5
3.93063e-5
-3.38972e-5
-8.03173e-6
3.71099e-5
-2.91437e-5
-5.54025e-6
4.82231e-5
-4.94361e-5
3.5274e-5
-3.91424e-5
4.46826e-5
-3.62903e-5
2.54393e-5
-1.10477e-5
-1.78009e-5
3.69459e-5
-2.79963e-5
-4.03881e-5
3.95358e-5
-1.27196e-5
3.59297e-5
-4.00275e-5
5.03212e-5
-3.8749e-5
1.82927e-5
-3.1504e-5
4.99278e-5
-3.27826e-5
-2.31773e-5
2.51442e-5
-2.1866e-5
5.76973e-5
-2.77013e-5
-2.17348e-5
3.26842e-5
-4.53383e-5
5.1108e-5
-3.50118e-5
2.80291e-5
-1.885e-5
-2.04235e-5
4.38303e-5
-4.88132e-5
5.09441e-5
-5.9402e-5
5.80251e-5
-2.59966e-5
-1.49161e-5
3.38644e-5
-2.41935e-5
1.02282e-5
-3.26186e-5
3.9503e-5
-5.7894e-5
3.96013e-5
-2.32756e-6
2.83897e-5
-6.04838e-5
6.15329e-5
-3.64214e-5
4.5076e-5
-3.452e-5
5.05835e-5
-9.25124e-5
6.03527e-5
-5.48452e-5
4.98951e-5
-4.53383e-5
4.44859e-5
-4.38631e-5
5.79596e-5
-4.25518e-5
3.59625e-5
-2.99305e-5
3.18646e-5
-1.55717e-5
-2.58327e-5
2.60949e-5
-3.4225e-5
3.26842e-5
-1.8096e-5
3.85523e-5
-5.66155e-5
5.89758e-5
-5.39601e-5
5.12064e-5
-4.93378e-5
3.25531e-5
-3.14713e-5
3.79294e-5
-2.31117e-5
3.82245e-5
-3.61592e-5
3.37005e-5
-4.22567e-5
4.56333e-5
-2.64555e-5
-1.43915e-5
4.06832e-5
-4.60923e-5
5.17637e-5
-1.04576e-5
-2.25544e-5
-1.30147e-5
4.73708e-5
-5.13375e-5
4.97967e-5
-4.09126e-5
3.92407e-5
-4.98623e-5
5.37634e-5
-5.29438e-5
4.87804e-5
-2.41935e-5
-1.47849e-5
3.57658e-5
-3.77655e-5
4.11093e-5
-5.55009e-5
5.34028e-5
-4.33713e-5
4.25845e-5
-4.63545e-5
4.21256e-5
-2.8652e-5
2.67178e-5
-1.5834e-5
-1.97023e-5
2.54065e-5
-2.42919e-5
3.41594e-5
-5.01245e-5
4.16338e-5
-1.64568e-5
3.48806e-5
3.73721e-6
-2.07841e-5
-1.39982e-5
-1.11461e-5
2.47836e-5
-3.39955e-5
3.17663e-5
-2.63572e-5
2.79307e-5
-1.34736e-5
-2.76029e-5
4.51744e-5
-5.31077e-5
4.7338e-5
-5.5632e-5
6.67453e-5
-4.36664e-5
4.04865e-5
-2.14398e-5
2.5472e-5
-3.78966e-5
4.15683e-5
-2.95699e-5
5.08785e-5
-7.04825e-5
5.73695e-5
-3.016e-5
-1.17034e-5
4.56005e-5
-4.83871e-5
3.36677e-5
-3.1504e-5
5.61565e-5
-0.000106052
0.000118345
-0.000121099
0.000128737
-8.95619e-5
5.32389e-5
-1.92761e-5
-4.95017e-6
-7.17938e-6
-1.92434e-5
5.97626e-5
-4.4781e-5
1.68175e-5
-3.96669e-5
5.01901e-5
-3.70115e-5
3.54379e-5
-5.37634e-6
-2.35379e-5
3.85851e-5
-4.45843e-5
3.48806e-5
-4.83543e-5
3.20286e-5
-4.30435e-5
4.99934e-5
-2.46197e-5
5.8353e-6
2.53737e-5
-3.64542e-5
5.98937e-5
-3.7536e-5
-8.85129e-7
-1.06215e-5
3.38972e-5
-2.36362e-5
-6.65486e-6
4.07815e-5
-4.27485e-5
5.12064e-5
-6.56962e-5
5.31733e-5
-3.58313e-5
5.55337e-5
-0.000108576
0.000122213
-0.000101298
4.19289e-5
-3.72738e-5
2.70784e-5
1.46538e-5
-3.47823e-5
4.12405e-5
-2.19971e-5
4.17978e-5
-2.09808e-5
-7.08103e-6
-2.40952e-5
4.98623e-5
-5.05507e-5
5.05507e-5
-3.47495e-5
-2.262e-6
-3.30776e-5
3.98964e-5
-3.83556e-5
3.11434e-5
-3.89129e-5
2.1407e-5
1.885e-5
-4.73708e-5
2.73734e-5
3.06845e-5
-5.0354e-5
4.23223e-5
-2.9701e-5
3.17007e-5
-3.26514e-5
4.64857e-5
-3.51757e-5
3.02255e-5
-5.25177e-5
5.16653e-5
-2.58982e-5
3.74377e-5
-3.22253e-5
3.63231e-5
-9.80199e-6
-2.7734e-5
3.93391e-5
-3.93719e-5
4.26173e-5
-2.71767e-5
-2.98321e-6
1.96695e-7
-1.85877e-5
5.01245e-5
-3.33071e-5
-1.57028e-5
5.75006e-5
-4.08471e-5
-2.2161e-5
3.43889e-5
-3.34382e-5
4.97639e-5
-3.09467e-5
-1.44243e-6
-5.57303e-6
3.10123e-5
-4.44531e-5
5.11736e-5
-4.09126e-5
4.13388e-5
-5.66483e-5
4.36992e-5
-3.74377e-5
3.38644e-5
-2.85864e-5
2.698e-5
-1.67519e-5
3.69459e-5
-3.36349e-5
6.06477e-6
-1.94073e-5
4.01586e-5
-1.5834e-5
-1.14083e-5
-7.31051e-6
2.22266e-5
-1.75715e-5
2.25216e-5
-2.13414e-5
2.97338e-5
-4.26173e-5
3.13073e-5
-3.18646e-5
4.56661e-5
-3.54707e-5
3.84212e-5
-2.60949e-5
-1.81615e-5
5.74678e-5
-0.000104052
0.000107461
-8.94636e-5
4.43548e-5
-3.15696e-5
3.58313e-5
-3.02255e-5
1.97679e-5
-3.10451e-5
2.84553e-5
2.49803e-5
-6.2418e-5
4.03225e-5
-5.10752e-5
9.54956e-5
-5.65499e-5
3.94702e-5
-6.01232e-5
6.43194e-5
-4.40598e-5
3.48806e-5
-3.96341e-5
3.92407e-5
-3.35366e-5
3.1504e-5
-3.68148e-5
6.45489e-5
-8.12352e-5
6.02216e-5
-5.04524e-5
5.27144e-5
-2.30461e-5
-2.82586e-5
4.57972e-5
-2.36362e-5
-1.97679e-5
4.92394e-5
-1.77026e-5
-1.96695e-7
-1.2064e-5
2.97666e-5
-1.91122e-5
-1.81615e-5
3.75688e-5
-2.61277e-5
8.03173e-6
-2.96682e-5
2.78652e-5
-2.04891e-5
2.43902e-5
-2.87503e-5
4.28468e-5
-3.52413e-5
4.00275e-5
-3.23564e-5
1.3113e-6
-1.1605e-5
5.11408e-5
-3.92735e-5
1.20312e-5
-3.27826e-6
-9.14633e-6
-1.24574e-5
4.52399e-5
-5.58943e-5
5.02884e-5
-2.82586e-5
3.04878e-6
-9.2119e-6
2.80947e-5
-3.80933e-5
4.67479e-5
-2.92093e-5
-9.47416e-6
3.90768e-5
-3.86834e-5
4.93705e-5
-3.74049e-5
-8.98242e-6
3.73066e-5
-5.01573e-5
4.66824e-5
-3.23564e-5
4.5076e-5
-3.13401e-5
-6.78599e-6
-3.56346e-5
4.33385e-5
-3.43561e-5
4.60595e-5
-2.37674e-5
2.4128e-5
-4.95017e-5
4.54366e-5
-3.28153e-5
6.37621e-5
-8.32349e-5
6.26475e-5
-3.05533e-5
3.3471e-5
-2.01613e-5
-1.15067e-5
6.22869e-7
-2.55704e-5
6.58929e-5
-4.22895e-5
-4.55678e-6
6.22213e-5
-0.000105396
0.000134867
-0.000106609
7.25478e-5
-9.17912e-5
7.06136e-5
-2.64883e-5
-2.59966e-5
4.19945e-5
-4.24534e-5
4.99278e-5
-3.70443e-5
3.32743e-5
-5.5927e-5
7.4777e-5
-3.00944e-5
-2.92093e-5
6.20246e-5
-8.25137e-5
6.36637e-5
-4.5076e-5
4.68791e-5
-4.24534e-5
6.28442e-5
-0.000103462
0.000131458
-0.000115001
6.82861e-5
-2.68161e-5
-1.49161e-5
3.79294e-5
-1.99646e-5
-9.50694e-7
4.58956e-6
-2.59638e-5
5.55992e-5
-4.89116e-5
3.92735e-5
-3.32743e-5
3.17335e-5
-4.41253e-5
4.79609e-5
-2.56687e-5
-2.62588e-5
4.81576e-5
-3.88145e-5
3.80933e-5
-4.96e-5
5.4878e-5
-3.73393e-5
1.97679e-5
-1.93089e-5
3.79622e-5
-4.23878e-5
2.59966e-5
-3.97652e-5
3.62903e-5
-3.92735e-5
3.43561e-5
-2.25216e-5
3.65853e-5
-3.52413e-5
2.07514e-5
-2.28494e-5
3.62903e-5
-3.74377e-5
4.48138e-5
-4.08143e-5
4.61906e-5
-2.55376e-5
-2.04563e-5
4.80264e-5
-4.9305e-5
4.85182e-5
-2.34067e-5
-3.62903e-5
7.28756e-5
-8.92997e-5
6.85811e-5
-2.13087e-6
-3.70771e-5
6.18935e-5
-9.61185e-5
8.17597e-5
-3.22908e-5
-6.52373e-6
3.32415e-5
-3.06517e-5
-1.4326e-5
3.94374e-5
-2.47836e-5
-1.52111e-5
5.8353e-5
-5.66155e-5
5.42551e-5
-2.42263e-5
-1.0097e-5
-1.88172e-5
5.55992e-5
-7.36296e-5
5.8648e-5
-6.06805e-5
5.18292e-5
-2.58327e-5
4.20928e-5
-4.90427e-5
4.48138e-5
-3.9044e-5
6.45489e-5
-8.65787e-5
4.63218e-5
-3.73066e-5
6.08444e-5
-3.57658e-5
2.65539e-6
-8.52347e-7
-8.75294e-6
-1.93417e-5
7.29084e-5
-8.96275e-5
5.65827e-5
-3.87818e-5
4.49777e-5
-2.9406e-5
2.97666e-5
-1.91122e-5
-1.80632e-5
5.73367e-5
-0.000103593
0.000105429
-9.18895e-5
5.55337e-5
-2.31117e-5
3.00616e-5
-3.72082e-5
6.65814e-5
-9.52333e-5
0.000116149
-0.000122279
0.00010815
-0.00010379
0.000100708
-9.88722e-5
0.000115427
-0.000107691
8.24154e-5
-5.84841e-5
4.52727e-5
-3.08156e-5
-1.75715e-5
4.78953e-5
-4.16666e-5
2.85536e-5
-3.1963e-5
2.69473e-5
-2.49147e-5
2.96682e-5
-3.44217e-5
5.66155e-5
-2.27839e-5
-4.62234e-6
-6.16312e-6
-5.86808e-6
3.33399e-5
-2.48164e-5
9.08077e-6
-1.55717e-5
-4.91738e-7
6.29425e-6
-1.6129e-5
2.47836e-5
-1.72764e-5
5.33372e-5
-9.78887e-5
7.35968e-5
-2.80947e-5
-7.57277e-6
1.98334e-5
-3.25203e-5
6.17623e-5
-3.99292e-5
-4.52399e-6
4.57317e-5
-3.20613e-5
-5.40912e-6
-1.42932e-5
5.8943e-5
-0.000107855
0.000113624
-0.000102839
0.000119197
-0.00011369
7.15971e-5
-3.97325e-5
3.52085e-5
-2.70784e-5
3.83884e-5
-3.44217e-5
-4.16338e-6
3.99292e-5
-5.07802e-5
3.31104e-5
-3.00944e-5
5.0059e-5
-4.65185e-5
3.09467e-5
-3.31759e-5
5.3075e-5
-4.61906e-5
2.62588e-5
-3.98636e-5
4.64857e-5
-4.70758e-5
4.92394e-5
-4.05848e-5
4.64857e-5
-2.31445e-5
1.13428e-5
-2.13742e-5
3.34382e-6
4.58956e-7
-8.16286e-6
1.58995e-5
-1.1605e-5
-1.52439e-5
4.4781e-5
-2.34067e-5
-1.42604e-5
5.39601e-5
-9.77248e-5
7.47442e-5
-5.10097e-5
4.64857e-5
-3.73721e-5
2.95371e-5
-3.53724e-5
3.76672e-5
-2.45541e-5
2.94715e-5
-2.262e-5
-5.86808e-6
3.06517e-5
-2.38985e-5
-2.22266e-5
3.68476e-5
-3.14385e-5
4.83543e-5
-3.13729e-5
-2.84553e-5
3.26842e-5
-2.01613e-5
5.59926e-5
-3.66181e-5
-2.99305e-5
6.49095e-5
-3.76672e-5
-2.11775e-5
4.08799e-5
-2.52426e-5
