0.000149816
-0.000104412
9.65774e-5
-7.65801e-5
9.26435e-5
-6.78927e-5
3.42578e-5
1.44243e-5
-1.79976e-5
2.95043e-5
-2.8652e-5
2.98649e-5
-3.06845e-5
3.66181e-5
-3.72082e-5
3.9503e-5
-3.83884e-5
2.32428e-5
-2.12103e-5
3.08156e-5
-3.96013e-5
5.68777e-5
-3.3471e-5
-9.11355e-6
-8.22842e-6
9.40859e-6
-2.79635e-5
1.93745e-5
2.53737e-5
-4.17978e-5
3.55363e-5
-3.68148e-5
5.04851e-5
-5.04851e-5
3.28481e-5
-4.02242e-5
4.31418e-5
-2.36034e-5
2.24888e-5
-2.3374e-5
4.33713e-5
-5.66483e-5
4.5076e-5
-2.41607e-5
1.36375e-5
-2.58327e-5
4.07487e-5
-6.40243e-5
4.1011e-5
-6.21885e-5
0.000111559
-0.000119919
0.000115198
-0.000106773
0.000112182
-0.000120378
0.000118542
-0.00012441
0.000106478
-6.15001e-5
2.93076e-5
1.48505e-5
-3.05861e-5
3.29137e-5
-3.23564e-5
3.43233e-5
-2.76357e-5
2.4882e-5
-3.17335e-5
2.87175e-5
-2.00957e-5
3.53396e-5
-4.90755e-5
3.09795e-5
-3.55035e-5
0.000597692
-0.000363821
0.000373131
-0.000255343
0.000250721
-0.000174075
0.000144112
-8.52674e-5
1.83582e-5
1.57684e-5
-2.91765e-6
2.2915e-5
-5.35995e-5
2.57999e-5
1.27852e-6
3.82572e-5
-7.31707e-5
7.98911e-5
-6.68764e-5
4.48793e-5
-3.03566e-5
2.70128e-5
-4.34369e-5
3.09795e-5
2.20299e-5
-5.72056e-5
5.59926e-5
-5.00917e-5
3.67165e-5
-3.10123e-5
5.32389e-5
-3.44545e-5
4.8551e-5
-4.82231e-5
2.65211e-5
-2.75046e-5
4.15355e-5
-5.62877e-5
2.55704e-5
1.55062e-5
-4.74691e-5
3.14057e-5
1.78337e-5
-4.0552e-5
2.30789e-5
2.89798e-5
-5.13703e-5
1.55062e-5
7.21216e-6
-2.36034e-6
1.37031e-5
-4.62562e-5
1.55389e-5
4.72069e-6
2.29806e-5
-2.32428e-5
1.85221e-5
-2.91109e-5
3.10451e-5
-4.01586e-5
1.56701e-5
1.09494e-5
-2.98321e-6
2.74718e-5
-5.90414e-5
4.1011e-5
-9.83477e-8
1.26213e-5
-3.41922e-5
3.32415e-5
-3.29137e-5
3.00288e-5
-2.86847e-5
3.49134e-5
-4.92066e-5
4.47154e-5
-4.8551e-5
4.78953e-5
-3.98964e-5
3.38316e-5
-4.06176e-5
2.83897e-5
-8.29399e-6
2.2161e-5
-3.14057e-5
2.68161e-5
2.53409e-5
-5.96643e-5
3.30448e-5
1.30147e-5
-3.18319e-5
3.48806e-5
-4.22567e-5
2.87175e-5
7.60555e-6
-3.81261e-5
1.92761e-5
3.2258e-5
-6.69748e-5
8.40873e-5
-7.82192e-5
6.1959e-5
-5.10752e-5
3.14713e-5
-4.49121e-5
4.00603e-5
-7.83503e-6
1.4621e-5
-5.2616e-5
0.000105494
-0.000125131
0.000127786
-0.000130343
0.000103396
-6.83516e-5
4.52727e-5
-4.58628e-5
1.4326e-5
-7.1466e-6
1.01298e-5
7.21216e-7
1.73748e-6
1.5834e-5
8.49068e-6
-3.8749e-5
3.71426e-5
-5.91725e-5
7.84814e-5
-9.09388e-5
0.000102216
-7.28101e-5
3.75688e-5
-3.33726e-5
2.33412e-5
-0.000311533
-3.60936e-5
-8.23826e-5
3.27826e-7
-4.24862e-5
1.88172e-5
-2.63244e-5
-1.98007e-5
2.87175e-5
-4.64857e-5
1.42604e-5
1.54734e-5
-3.36021e-5
3.91424e-5
-2.9406e-5
4.68791e-6
2.68817e-5
-4.09782e-5
2.63572e-5
2.23905e-5
-3.44217e-5
2.9242e-5
-2.26855e-5
2.93076e-5
-4.91411e-5
2.52426e-5
2.37018e-5
-4.97639e-5
2.35379e-5
