-0.000430107
0.000226462
-0.000260687
0.000165257
-0.000157815
0.000131294
-0.000117263
6.97285e-5
-5.34684e-5
4.03553e-5
-5.12391e-5
3.52413e-5
7.08103e-6
-7.24495e-5
0.000104937
-6.3172e-5
4.05848e-5
-5.61565e-5
3.40283e-5
1.33753e-5
-4.24534e-5
3.93719e-5
1.90794e-5
-4.60595e-5
2.05547e-5
6.88434e-7
-1.62601e-5
2.18004e-5
5.0813e-6
-4.76003e-5
1.41621e-5
1.11461e-5
3.016e-5
-5.15997e-5
2.28494e-5
-1.35392e-5
2.18987e-5
6.55651e-8
1.68175e-5
-3.90112e-5
1.74731e-5
4.75347e-6
2.16037e-5
-3.89457e-5
2.80947e-5
-4.93705e-5
8.16941e-5
-7.49409e-5
2.98977e-5
1.58012e-5
-6.90073e-5
9.91017e-5
-5.08785e-5
4.0257e-5
-4.53383e-5
1.09494e-5
7.93338e-6
3.17991e-6
-7.96616e-6
1.98007e-5
-2.27183e-5
3.14057e-5
-3.43561e-5
4.2814e-5
-1.89483e-5
-1.19001e-5
-1.76042e-5
4.03553e-5
-3.56674e-5
5.76645e-5
-2.27183e-5
-1.65552e-5
1.01954e-5
-1.54734e-5
3.54052e-6
-5.04851e-6
5.1567e-5
-8.70049e-5
6.9499e-5
-1.54078e-5
-2.61277e-5
4.96656e-5
-2.82586e-5
-1.53095e-5
4.29452e-5
-1.47522e-5
-1.52767e-5
7.60555e-6
-1.84894e-5
4.59284e-5
-8.80867e-5
7.38591e-5
-4.40925e-5
6.41555e-5
-8.82834e-5
6.38276e-5
-3.47495e-5
5.68777e-5
-8.24481e-5
6.35326e-5
-1.92106e-5
-1.07527e-5
4.58956e-7
1.73748e-6
-7.31051e-6
4.42237e-5
-1.46538e-5
1.08182e-5
-2.82913e-5
8.19564e-6
2.02268e-5
-1.00642e-5
-1.63585e-5
-2.8193e-5
6.21885e-5
-1.45555e-5
-9.99868e-6
-9.17912e-6
2.05874e-5
-3.80278e-6
5.31077e-6
-4.81904e-6
-1.77026e-6
-5.67138e-6
1.45227e-5
8.03173e-6
1.14739e-6
-4.81904e-6
3.12418e-5
-5.67138e-5
2.89142e-5
-1.3113e-5
8.42512e-6
1.7637e-5
-6.468e-5
0.000102773
-0.000136212
9.14961e-5
-7.7498e-5
8.10385e-5
-7.17938e-5
9.04799e-5
-8.412e-5
7.52688e-5
-7.14988e-5
7.46787e-5
-5.54353e-5
3.26186e-5
2.88159e-5
-6.96629e-5
4.19945e-5
5.27799e-6
-4.61906e-5
2.61933e-5
-1.5375e-5
3.43889e-5
-3.51429e-5
3.19958e-5
9.70364e-6
-4.26829e-5
3.18319e-5
2.28167e-5
-5.93036e-5
3.43889e-5
1.45227e-5
-3.06845e-5
3.00944e-5
-4.07815e-5
4.70102e-5
-6.3926e-5
0.000112838
-0.000132048
0.000141063
-0.000131425
0.000123951
-0.000135556
0.000119591
-0.000131688
0.00012359
-7.64817e-5
3.08156e-5
4.42565e-5
-5.65499e-5
3.22908e-5
-1.75059e-5
1.55717e-5
-2.96027e-5
3.65198e-5
-3.62903e-5
2.86192e-5
-4.07487e-5
3.06517e-5
-5.10752e-5
9.39876e-5
-0.000127426
0.00010733
-6.77288e-5
5.13047e-5
-2.40952e-5
3.14385e-5
-4.15355e-5
5.27471e-5
-3.79294e-5
4.20928e-5
-2.46197e-5
-2.87503e-5
6.3172e-5
-4.92722e-5
4.25845e-5
-3.65198e-5
4.42892e-5
-8.2612e-6
-1.36703e-5
-7.27773e-6
-1.86533e-5
4.89116e-5
-3.14713e-5
-2.58982e-6
3.40939e-6
2.6226e-7
9.60529e-6
-2.75373e-6
-2.64227e-5
5.26488e-5
-7.26134e-5
5.38617e-5
-1.92761e-5
1.08838e-5
-2.15054e-5
7.1007e-5
-8.98898e-5
6.12378e-5
-2.15054e-5
3.3766e-6
-6.13034e-6
6.65486e-6
-1.30147e-5
1.48833e-5
-1.70469e-6
-7.9006e-6
1.90139e-6
-4.39286e-6
1.01298e-5
-5.90086e-6
-3.93391e-7
-1.61946e-5
5.17964e-6
-1.17362e-5
4.47154e-5
-7.60555e-6
-1.70469e-6
7.63834e-6
1.06543e-5
-6.44505e-5
8.59231e-5
-7.69734e-5
8.06779e-5
-6.14017e-5
3.26842e-5
-1.44899e-5
-7.93338e-6
1.2064e-5
8.75294e-6
-1.80304e-6
-5.8353e-6
1.95056e-5
-5.62877e-5
8.40545e-5
-6.65486e-5
1.55062e-5
9.86755e-6
5.6386e-6
-4.77642e-5
8.65787e-5
-8.2022e-5
4.16338e-5
-7.73668e-6
-1.17034e-5
1.84566e-5
-1.56373e-5
1.15067e-5
-1.2359e-5
9.50694e-6
-6.88434e-7
7.21216e-7
6.26147e-6
8.98242e-6
-4.86821e-5
5.46485e-5
-7.68423e-5
8.06123e-5
-6.4221e-5
8.77917e-5
-6.81877e-5
2.71112e-5
-1.37687e-6
6.68764e-6
-3.66509e-5
1.73748e-5
1.98662e-5
-6.02543e-5
7.6744e-5
-6.54668e-5
3.47495e-5
2.31445e-5
-5.98937e-5
7.38919e-5
-3.44545e-5
2.08497e-5
-3.1209e-5
2.75373e-5
-4.36336e-5
4.83543e-5
-4.99606e-5
1.93089e-5
-8.2612e-6
-3.3766e-6
1.131e-5
9.99868e-6
2.1112e-5
-5.51403e-5
3.21597e-5
-5.80251e-6
2.66194e-5
-2.93732e-5
2.63244e-5
-3.76016e-5
3.67165e-5
-4.71085e-5
3.57658e-5
1.51455e-5
-2.96027e-5
2.3669e-5
-2.62588e-5
1.97023e-5
-1.97679e-5
2.25872e-5
-2.62588e-5
4.36664e-5
-3.36349e-5
3.57658e-5
-5.73039e-5
5.17964e-5
-7.08103e-6
-2.15381e-5
4.27485e-5
-4.34041e-5
4.8092e-5
-5.73039e-5
3.7241e-5
-2.49147e-5
4.44531e-5
-1.11461e-5
-1.91122e-5
-1.08182e-5
2.74062e-5
-2.65539e-5
3.43233e-5
-3.84867e-5
5.337e-5
-5.61237e-5
7.11054e-5
-7.3269e-5
6.28114e-5
-9.82821e-5
0.000117165
-0.000113493
7.09742e-5
-3.04222e-5
2.94715e-5
-2.60294e-5
5.06163e-5
-7.42197e-5
6.45816e-5
-2.50459e-5
-1.49488e-5
5.4124e-5
-0.000104806
0.000141555
-0.000116116
7.96944e-5
-9.66102e-5
8.22514e-5
-3.34382e-5
-2.29478e-6
-1.44899e-5
6.04183e-5
-9.11355e-5
7.48426e-5
-3.78966e-5
2.43574e-5
-3.80606e-5
5.07146e-5
-3.60608e-5
5.6386e-5
-8.23826e-5
6.845e-5
-3.04222e-5
6.9499e-6
-3.83556e-6
6.1959e-6
-1.85877e-5
5.35667e-5
-9.71347e-5
7.84487e-5
-2.42919e-5
-9.83477e-7
4.49121e-6
1.5834e-5
-2.20627e-5
9.17912e-6
-5.96643e-6
1.81615e-5
-1.79321e-5
-4.16338e-6
2.36034e-6
-1.29819e-5
3.93063e-5
-3.32415e-5
3.16352e-5
2.09808e-6
6.35982e-6
3.27826e-8
3.31104e-6
-1.09822e-5
9.99868e-6
-1.13428e-5
1.19984e-5
9.44138e-6
-7.78914e-5
8.33988e-5
-6.94007e-5
8.28087e-5
-6.03199e-5
1.29819e-5
4.36008e-6
3.80278e-6
-1.06543e-5
1.04576e-5
-6.88434e-7
1.34408e-6
2.64227e-5
-5.85169e-5
4.26501e-5
1.04904e-6
-4.44859e-5
1.51128e-5
3.80278e-6
5.73695e-6
1.21951e-5
5.24521e-6
1.58012e-5
-4.67479e-5
3.93063e-5
-4.98295e-5
4.71413e-5
-5.53042e-5
7.18922e-5
-5.82874e-5
1.0851e-5
3.075e-5
-4.65185e-5
5.6386e-6
3.29793e-5
1.8096e-5
-6.36965e-5
8.23498e-5
-6.90401e-5
2.46853e-5
1.5834e-5
-5.337e-5
9.3922e-5
-7.32035e-5
3.81917e-5
-4.583e-5
4.54366e-5
-6.24836e-5
0.000104249
-0.000122803
0.000106281
-5.64188e-5
1.62601e-5
1.94401e-5
-4.80264e-5
3.66509e-5
-4.29779e-5
3.74377e-5
6.9499e-6
-5.71728e-5
9.40532e-5
-5.65171e-5
4.81248e-5
-4.22567e-5
1.24574e-5
-2.52426e-5
2.80619e-5
-5.79596e-5
8.61198e-5
-6.73682e-5
3.77655e-5
-3.32087e-5
3.76672e-5
-5.05179e-5
4.53383e-5
-4.40925e-5
4.07159e-5
1.92761e-5
-4.88132e-5
3.98964e-5
-4.05848e-5
3.28481e-5
-3.69459e-5
5.87136e-5
-4.97639e-5
4.33713e-5
-4.52071e-5
3.14385e-5
-3.34382e-5
3.45528e-5
-2.13087e-5
7.67112e-6
3.1668e-5
-4.70758e-5
4.8551e-5
-4.52071e-5
5.9861e-5
-4.90755e-5
3.22908e-5
-2.68161e-5
7.31051e-6
-2.80619e-5
2.95043e-5
-4.15355e-5
5.88119e-5
-4.53055e-5
3.92079e-5
-3.50773e-5
4.73708e-5
-2.43247e-5
-1.25229e-5
4.19945e-5
-4.26173e-5
3.77327e-5
-5.4124e-5
6.02216e-5
-3.53724e-5
5.5173e-5
-0.00010792
0.000106445
-9.45121e-5
6.74993e-5
-4.24206e-5
2.77996e-5
-4.49121e-6
-1.05232e-5
6.08772e-5
-7.6744e-5
7.08759e-5
-6.43522e-5
6.78599e-5
-8.33988e-5
5.12391e-5
-3.51429e-5
2.8947e-5
-2.73734e-5
3.99947e-5
-2.98649e-5
6.19263e-5
-7.81208e-5
5.3075e-5
-3.78966e-5
5.01901e-5
-8.84473e-5
7.00235e-5
-3.02583e-5
3.47495e-5
-4.27485e-5
4.99934e-5
-3.94374e-5
6.32703e-6
-2.03252e-6
-3.50773e-6
-8.39233e-6
5.56976e-5
-6.91712e-5
5.5173e-5
1.27852e-6
-2.26855e-5
-1.78337e-5
4.42892e-5
-3.49134e-5
-1.16378e-5
5.22554e-5
-7.69079e-5
8.65132e-5
-6.93023e-5
7.28101e-5
-8.97259e-5
6.43849e-5
-1.97679e-5
2.16365e-6
-5.67138e-6
2.32428e-5
-1.96368e-5
2.19643e-6
3.60608e-6
3.80278e-6
-1.14083e-5
-3.34382e-6
9.93312e-6
-1.98007e-5
4.62234e-5
-8.07434e-5
7.92354e-5
-2.52754e-5
-3.27826e-8
2.11448e-5
-4.72069e-6
-1.36048e-5
-6.75321e-6
8.68738e-6
3.34382e-6
-1.41948e-5
4.16338e-6
3.24547e-6
-1.00315e-5
3.50773e-6
1.33097e-5
-6.29425e-6
1.70469e-6
1.74731e-5
-1.57356e-5
-8.06451e-6
-1.05888e-5
6.49095e-6
1.19656e-5
-1.67191e-5
-1.37687e-5
5.04524e-5
-1.02282e-5
8.35955e-6
-4.16338e-6
-2.58982e-6
1.3113e-7
1.06215e-5
-6.41882e-5
7.31051e-5
-5.53042e-5
5.6681e-5
-6.04183e-5
7.78586e-5
-6.14017e-5
2.5931e-5
1.75387e-5
-5.63532e-5
6.43522e-5
-7.64817e-5
7.93994e-5
-6.71715e-5
9.98885e-5
-0.000110084
0.000104216
-0.000116313
0.000111854
-7.21216e-5
3.89785e-5
-4.4027e-5
1.58012e-5
1.55389e-5
3.3471e-5
-5.41896e-5
3.18646e-5
-5.92381e-5
8.72344e-5
-7.50721e-5
3.51757e-5
-8.6546e-6
-1.2818e-5
2.89142e-5
-4.14699e-5
2.07514e-5
1.01626e-5
-6.88434e-7
-3.67165e-6
1.508e-6
1.17034e-5
-6.55979e-5
9.72659e-5
-6.58929e-5
3.51429e-5
-1.33425e-5
2.63572e-5
-5.07802e-5
3.97325e-5
-4.76003e-5
2.7144e-5
3.3766e-6
5.24521e-6
1.31786e-5
-6.36637e-5
9.74953e-5
-6.23196e-5
4.1306e-5
-4.89116e-5
1.39326e-5
2.73734e-5
-4.84526e-5
3.86179e-5
-3.67492e-5
1.87516e-5
4.81904e-6
1.10805e-5
-5.72056e-5
7.64817e-5
-6.35654e-5
2.9701e-5
2.46197e-5
-4.34041e-5
2.01613e-5
2.20627e-5
-4.76658e-5
1.81615e-5
8.35955e-6
1.79648e-5
-5.62549e-5
8.35955e-5
-8.61198e-5
8.28087e-5
-6.63191e-5
3.76999e-5
-5.1108e-5
9.15289e-5
-7.17938e-5
3.50446e-5
-2.20299e-5
3.40939e-5
-4.40598e-5
1.58012e-5
1.60307e-5
-4.27812e-5
3.15368e-5
1.21295e-6
3.69459e-5
-5.68777e-5
2.76029e-5
-4.29452e-5
3.81261e-5
5.24521e-7
1.24246e-5
-4.95017e-5
3.57986e-5
1.40965e-6
3.08484e-5
-3.96669e-5
4.06176e-5
-3.54707e-5
4.46171e-5
-3.3012e-5
-1.04904e-5
4.16666e-5
-4.33713e-5
5.92053e-5
-8.73983e-5
7.10398e-5
-5.03868e-5
3.44545e-5
-3.01927e-5
1.86861e-5
-2.37674e-5
3.68148e-5
-4.10438e-5
2.64883e-5
-3.37005e-5
5.46485e-5
-4.58628e-5
2.39641e-5
-2.20299e-5
5.97954e-5
-4.40925e-5
-2.42919e-5
4.2814e-5
-3.9798e-5
3.12746e-5
-3.17007e-5
4.65185e-5
-1.59979e-5
-2.07186e-5
2.96354e-5
-1.29163e-5
-1.66863e-5
5.33044e-5
-4.55678e-5
2.98977e-5
-7.24495e-6
-1.86861e-5
-1.83255e-5
4.99278e-5
-4.70758e-5
2.07514e-5
7.86781e-7
-1.45555e-5
4.89116e-5
-4.18961e-5
3.73066e-5
-2.13087e-5
-3.46512e-5
6.15001e-5
-4.26829e-5
5.30094e-5
-8.87752e-5
8.01206e-5
-2.49147e-5
-1.91122e-5
6.7237e-5
-9.68725e-5
8.28415e-5
-8.4284e-5
6.68764e-5
-2.20627e-5
-2.90781e-5
4.64529e-5
-3.29465e-5
4.56989e-5
-4.96328e-5
4.27812e-5
-1.07855e-5
-3.50773e-6
-1.03593e-5
-1.23918e-5
5.90086e-5
-7.04169e-5
6.76304e-5
-7.99567e-5
6.88762e-5
-1.84894e-5
-2.87175e-5
5.50747e-5
-8.79556e-5
8.02517e-5
-5.67138e-5
6.06477e-5
-5.94676e-5
7.66456e-5
-7.34001e-5
6.91712e-5
-8.34644e-5
8.16614e-5
-7.65145e-5
7.0253e-5
-7.5236e-5
6.65814e-5
-2.66522e-5
1.58012e-5
7.24495e-6
-1.83582e-6
-4.36008e-6
1.50472e-5
-6.99252e-5
6.78927e-5
-6.66142e-5
6.23524e-5
-2.64227e-5
7.93338e-6
1.73748e-6
-1.93745e-5
-1.44243e-6
-4.42565e-6
2.13087e-6
-3.40939e-6
3.40939e-6
6.81877e-6
1.3113e-6
8.13007e-6
3.27826e-7
1.24574e-6
-1.8096e-5
-6.85155e-6
6.79582e-5
-0.000104675
8.29727e-5
-2.32101e-5
-2.65539e-6
-7.04825e-6
1.15067e-5
-1.68175e-5
-4.68791e-6
-6.68764e-6
6.44505e-5
-6.13362e-5
5.66155e-5
-4.49121e-5
2.35379e-5
5.60582e-6
-2.62588e-5
1.60307e-5
-4.03225e-6
3.60608e-6
4.06504e-6
1.99974e-6
-9.2119e-6
-2.88487e-6
-5.50747e-6
3.34382e-6
-1.67191e-6
2.24561e-5
-5.90086e-6
1.7342e-5
-7.34657e-5
7.19249e-5
-8.51035e-5
0.000106674
-9.63479e-5
5.69105e-5
-2.07186e-5
-2.49147e-6
6.68764e-6
-1.19329e-5
2.75373e-6
9.14633e-6
1.77026e-6
-6.49095e-6
1.46538e-5
-9.83477e-7
5.0813e-6
-1.07855e-5
3.90112e-6
7.96616e-6
1.72764e-5
-4.4322e-5
2.12759e-5
1.508e-6
9.47416e-6
2.19643e-6
-2.55704e-6
2.37018e-5
-5.43535e-5
2.5931e-5
-7.01547e-6
8.52347e-6
8.75294e-6
-3.11434e-6
-1.01954e-5
-4.19617e-6
-1.54406e-5
2.32428e-5
-7.40886e-6
2.44886e-5
-7.30395e-5
8.60214e-5
-6.64502e-5
9.42826e-5
-5.46485e-5
8.52347e-6
1.30802e-5
-3.26186e-5
5.57303e-6
2.54393e-5
-3.73393e-5
2.54393e-5
1.72436e-5
-4.10438e-5
1.73748e-5
1.97023e-5
-3.93719e-5
2.1112e-5
1.71781e-5
-4.58628e-5
3.41922e-5
3.54052e-6
-4.01586e-5
3.41922e-5
1.90139e-6
1.07199e-5
-4.71741e-5
3.25203e-5
7.50721e-6
9.73642e-6
-3.20941e-5
6.75321e-6
3.67165e-6
3.83556e-6
1.95056e-5
-6.23196e-5
8.58575e-5
-6.49422e-5
1.81615e-5
2.37018e-5
-5.74678e-5
3.1963e-5
4.55678e-6
-3.73721e-6
-2.32756e-6
1.80632e-5
-3.66837e-5
3.34054e-5
-1.03921e-5
1.52439e-5
-5.54353e-5
8.98242e-5
-6.97613e-5
2.1112e-5
7.04825e-6
1.38998e-5
-5.25177e-5
4.17978e-5
-4.32074e-5
1.82271e-5
1.50472e-5
1.7637e-5
-4.06504e-5
3.67492e-5
-5.00917e-5
7.2515e-5
-6.73026e-5
3.91752e-5
1.68175e-5
-4.3273e-5
3.30448e-5
-3.19302e-5
3.075e-5
-5.11408e-5
0.00011687
-0.000115985
0.000111526
-0.00010874
5.85169e-5
-2.56032e-5
1.95056e-5
-4.50432e-5
3.30776e-5
7.9006e-6
-4.43548e-5
1.80304e-5
2.2915e-5
-2.64227e-5
2.53737e-5
-3.829e-5
4.4322e-5
-4.16994e-5
3.60608e-5
-5.1108e-5
0.000103101
-0.000125787
0.000113624
-7.90387e-5
5.05507e-5
-5.50419e-5
4.44204e-5
-4.96328e-5
8.66443e-5
-5.18948e-5
1.93417e-5
-3.66509e-5
1.94728e-5
2.06858e-5
-4.44531e-5
3.9798e-5
-4.11749e-5
3.80606e-5
-3.1963e-5
2.22266e-5
2.83241e-5
-5.44846e-5
3.22253e-5
-2.52426e-6
9.93312e-6
-3.54707e-5
4.45515e-5
-5.22882e-5
2.67506e-5
2.58654e-5
-7.02202e-5
8.32349e-5
-4.3273e-5
2.62916e-5
-2.54065e-5
4.41253e-5
-5.8943e-5
3.6782e-5
-2.40296e-5
3.31759e-5
-5.88447e-5
4.66496e-5
-4.3568e-5
3.97652e-5
-3.78311e-5
4.79609e-5
-4.4781e-5
4.36664e-5
-4.20272e-5
4.08471e-5
-2.8488e-5
3.65853e-5
-4.06176e-5
1.96368e-5
1.60307e-5
-2.53409e-5
4.90099e-5
-3.95358e-5
4.21912e-5
-3.91752e-5
1.59323e-5
-3.29465e-5
3.61919e-5
-1.56701e-5
-2.88487e-5
3.11434e-5
-2.61277e-5
3.69459e-5
-2.41607e-5
2.75046e-5
-2.84225e-5
4.17978e-5
-3.78311e-5
3.32415e-5
-2.96682e-5
3.38972e-5
-4.61906e-5
2.96354e-5
-3.81589e-5
3.03894e-5
-9.60529e-6
2.15709e-5
-3.98964e-5
3.83228e-5
-4.37975e-5
4.76986e-5
-5.23537e-5
3.84539e-5
-4.24206e-5
4.68463e-5
-3.86179e-5
4.8092e-5
-4.54366e-5
3.43889e-5
-1.83255e-5
3.81917e-5
-2.01941e-5
-2.29806e-5
3.34382e-5
-1.39326e-5
-2.88814e-5
4.23551e-5
-3.94374e-5
4.88132e-5
-3.41266e-5
5.8648e-5
-0.000104019
0.000130048
-9.92328e-5
6.845e-5
-8.46118e-5
8.01206e-5
-3.23564e-5
2.53737e-5
-2.57671e-5
-2.65539e-6
-2.49147e-6
-3.27826e-6
-4.65512e-6
3.78639e-5
-2.02924e-5
-2.6226e-6
-2.30789e-5
3.98308e-5
-1.05888e-5
-2.60949e-5
4.12077e-5
-2.96027e-5
-1.63585e-5
5.10424e-5
-4.3273e-5
4.72069e-5
-2.639e-5
-1.52439e-5
-1.21295e-6
-7.21216e-6
4.24862e-5
-3.46512e-5
-1.52439e-5
4.1011e-5
-2.27511e-5
-1.85549e-5
5.61565e-5
-3.59297e-5
-3.34382e-6
-1.72436e-5
3.33726e-5
-1.60307e-5
-1.11133e-5
4.67807e-5
-2.08497e-5
-1.8391e-5
5.03212e-5
-7.76947e-5
4.78953e-5
-3.12746e-5
3.84867e-5
-2.74718e-5
4.65512e-6
-3.60608e-7
9.7692e-6
-2.01285e-5
2.70784e-5
-1.92761e-5
-2.76357e-5
4.04209e-5
-3.1963e-5
4.76986e-5
-5.36323e-5
3.65198e-5
-2.39968e-5
5.67794e-5
-7.76291e-5
5.56648e-5
-2.54393e-5
2.46853e-5
-5.4419e-5
5.70089e-5
-2.67506e-5
2.52426e-5
-3.28809e-5
3.53068e-5
-2.68161e-5
5.76973e-6
9.08077e-6
-2.09808e-6
-1.24246e-5
-3.27826e-7
-8.85129e-6
4.50105e-5
-5.17964e-5
6.15656e-5
-7.55638e-5
8.31366e-5
-8.35627e-5
5.75662e-5
-5.21571e-5
4.83543e-5
-3.25859e-5
4.70758e-5
-2.79635e-5
1.14739e-6
-5.57303e-6
3.86834e-6
-2.79963e-5
5.84513e-5
-4.58628e-5
3.27826e-5
-8.4579e-6
-2.85536e-5
4.50432e-5
-2.90781e-5
4.55678e-6
8.19564e-7
-1.66535e-5
6.45161e-5
-8.53002e-5
6.54668e-5
-1.87516e-5
-5.73695e-6
1.16706e-5
-1.70797e-5
-6.81877e-6
-4.75347e-6
4.34369e-5
-2.05874e-5
-2.29478e-6
-5.70417e-6
4.49121e-6
2.0653e-6
-1.95384e-5
5.5632e-5
-7.12365e-5
8.51691e-5
-8.99881e-5
5.88119e-5
-2.73407e-5
-4.16338e-6
-1.94401e-5
4.1011e-5
-1.03921e-5
-8.78573e-6
-1.8096e-5
5.1862e-5
-1.14739e-6
-2.49147e-5
2.09808e-6
1.44243e-6
8.2612e-6
1.83582e-6
-2.05874e-5
3.50773e-6
-4.3273e-6
-1.96368e-5
5.55664e-5
-2.639e-5
-9.14633e-6
-1.32114e-5
4.20272e-5
-2.55376e-5
5.99921e-6
-1.09166e-5
-9.9659e-6
3.57986e-5
-1.49161e-5
-1.34408e-5
8.68738e-6
4.29452e-6
-1.10477e-5
-1.3867e-5
5.76317e-5
-5.6681e-5
5.57959e-5
-6.63519e-5
7.44164e-5
-7.80881e-5
7.0712e-5
-6.74665e-5
6.89745e-5
-7.75308e-5
7.70062e-5
-8.74639e-5
7.20561e-5
-1.04249e-5
-1.09494e-5
5.0813e-6
-1.70469e-5
1.3572e-5
-3.17991e-6
8.72016e-6
-1.29163e-5
-1.04904e-5
5.96643e-5
-8.76278e-5
0.000102085
-8.93653e-5
5.04524e-5
-1.59323e-5
1.80304e-6
4.1306e-6
-2.32756e-6
-8.94964e-6
6.22869e-7
1.90139e-6
-5.93364e-6
-1.01298e-5
6.76632e-5
-8.52347e-5
7.57277e-5
-6.85811e-5
6.49422e-5
-7.88748e-5
6.54012e-5
-3.01272e-5
5.31077e-6
2.85208e-6
1.2818e-5
-4.03225e-6
1.99974e-5
-6.51062e-5
7.35968e-5
-8.51691e-5
0.000107691
-6.89745e-5
3.76999e-6
1.59979e-5
2.94387e-5
-6.85483e-5
5.54681e-5
-1.74731e-5
5.80251e-6
1.37359e-5
-5.61237e-5
9.42826e-5
-7.16299e-5
2.25216e-5
-2.58982e-6
-8.09729e-6
2.24561e-5
-5.32717e-5
7.43181e-5
-6.94007e-5
7.15315e-5
-8.74311e-5
8.80867e-5
-7.9301e-5
7.53343e-5
-8.33005e-5
5.96643e-5
-2.25872e-5
8.32677e-6
2.72095e-6
2.32756e-6
6.09756e-6
-3.016e-6
3.63886e-6
-1.26213e-5
-4.91738e-6
1.11133e-5
-1.25885e-5
2.57015e-5
-5.21571e-5
5.70417e-5
-5.27799e-5
2.11448e-5
8.2612e-6
-7.7039e-6
8.4579e-6
-1.14739e-6
1.78009e-5
-4.16338e-5
2.34067e-5
1.04249e-5
9.0152e-6
-5.85169e-5
8.07762e-5
-7.34001e-5
8.1104e-5
-6.10739e-5
2.21282e-5
4.1306e-6
1.14083e-5
-7.30068e-5
9.30697e-5
-5.95987e-5
4.19289e-5
-4.69774e-5
3.62903e-5
-4.66496e-5
1.0097e-5
1.44571e-5
5.34356e-6
3.80278e-6
1.90139e-6
6.22869e-6
-5.57303e-6
1.97023e-5
-4.37975e-5
6.0156e-5
-6.37621e-5
5.72383e-5
-3.62903e-5
3.92079e-5
-5.87791e-5
4.16011e-5
-5.15014e-5
2.91437e-5
1.2359e-5
1.45555e-5
-4.30763e-5
5.38617e-5
-6.02543e-5
4.72397e-5
-3.04878e-5
2.55048e-5
-3.92735e-5
4.51088e-5
-2.75701e-5
3.79622e-5
-5.337e-5
4.87477e-5
-4.59939e-5
1.79976e-5
4.06504e-6
9.80199e-6
-2.46525e-5
1.3867e-5
1.92434e-5
-5.13703e-5
5.89103e-5
-3.68804e-5
3.11434e-5
-4.51416e-5
5.58615e-5
-1.92434e-5
-5.37306e-5
9.09388e-5
-4.97639e-5
1.75715e-5
-3.43889e-5
3.66509e-5
-7.86781e-7
-3.55035e-5
4.38958e-5
-1.22279e-5
-2.76029e-5
5.77957e-5
-4.21256e-5
2.81602e-5
-2.76029e-5
4.65512e-5
-4.09454e-5
4.18961e-5
-3.01927e-5
-2.68817e-6
-2.98321e-5
5.76973e-5
-3.21925e-5
-4.19617e-6
4.45843e-5
-3.54707e-5
1.508e-6
-2.91765e-6
-9.14633e-6
2.01941e-5
-3.68148e-5
4.13716e-5
-4.65512e-5
6.15001e-5
-4.89771e-5
4.35025e-5
-2.56032e-5
-2.85208e-5
4.14044e-5
-1.33753e-5
-8.55625e-6
3.58313e-5
-5.13703e-5
5.62877e-5
-4.42565e-5
2.82586e-5
-1.62601e-5
-2.24888e-5
4.69118e-5
-3.18646e-5
4.43876e-5
-5.27144e-5
4.09454e-5
-4.10765e-5
3.55035e-5
-2.5472e-5
-9.50694e-7
2.47508e-5
-4.81576e-5
5.33044e-5
-4.27485e-5
4.95017e-5
-2.76685e-5
-9.04799e-6
4.19945e-5
-4.1765e-5
2.52098e-5
-3.04222e-5
3.69132e-5
-1.32114e-5
-4.61906e-5
3.31759e-5
-5.0059e-5
3.96669e-5
2.38985e-5
-3.08484e-5
3.55691e-5
-3.36677e-5
3.9798e-5
-3.78966e-5
4.00275e-5
-4.09782e-5
3.80606e-5
-2.4423e-5
-2.15054e-5
3.70443e-5
-3.76672e-5
4.63873e-5
-3.02583e-5
3.74705e-5
-2.34067e-5
-9.93312e-6
1.63913e-7
-8.06451e-6
2.5472e-5
-4.89444e-5
4.51744e-5
-4.31746e-5
4.12077e-5
-3.85851e-5
4.98951e-5
-2.72095e-5
4.44531e-5
-2.09808e-5
-6.62208e-6
-1.4621e-5
-4.36008e-6
3.98964e-5
-3.14713e-5
-2.05547e-5
3.55035e-5
-3.54052e-5
4.25518e-5
-4.00931e-5
3.51101e-5
-1.17034e-5
-3.68476e-5
5.13703e-5
-4.94689e-5
6.32048e-5
-3.25859e-5
-9.86755e-6
2.40296e-5
-3.00944e-5
4.1011e-5
-2.79307e-5
2.36034e-6
-3.11434e-5
5.86152e-5
-5.39273e-5
5.4419e-5
-4.37647e-5
3.92735e-5
-4.67479e-5
5.99265e-5
-3.28481e-5
-4.09782e-6
-8.98242e-6
4.00275e-5
-3.83884e-5
4.64529e-5
-4.38631e-5
6.9499e-6
-2.37018e-5
4.06504e-5
-2.90453e-5
2.28494e-5
-1.97679e-5
4.89771e-5
-8.37922e-5
5.09113e-5
-2.66522e-5
3.59952e-5
-3.69459e-5
4.07487e-5
-2.56687e-5
-1.48505e-5
4.04865e-5
-5.75006e-5
5.33044e-5
-4.79937e-5
4.33713e-5
-2.8193e-5
1.87188e-5
-2.87503e-5
3.51101e-5
-1.24574e-5
-9.24468e-6
2.90453e-5
-1.72436e-5
-2.20299e-5
5.08457e-5
-3.00944e-5
-1.131e-5
4.07487e-5
-3.44873e-5
3.45856e-5
-2.49147e-5
-3.69132e-5
3.54707e-5
-1.60635e-6
-1.81615e-5
3.84867e-5
-3.40611e-5
3.76016e-5
-3.12418e-5
3.41922e-5
-5.54025e-6
-4.33058e-5
3.74705e-5
-3.21597e-5
5.19276e-5
