6.11723e-5
-2.83569e-5
3.31759e-5
-1.56373e-5
-7.24495e-6
8.03173e-6
1.86861e-6
-2.19643e-6
-5.14686e-6
6.65486e-6
-5.57303e-6
1.3113e-6
1.04576e-5
-8.78573e-6
-3.21269e-6
-1.11133e-5
1.73748e-5
-3.73393e-5
5.97626e-5
-1.85221e-5
-1.03265e-5
-1.08182e-5
2.95043e-7
1.07199e-5
1.96695e-6
-1.35064e-5
4.68135e-5
-6.21557e-5
7.57277e-5
-9.4381e-5
0.000366837
2.42919e-5
0.000110051
-5.11736e-5
9.12994e-5
-5.75006e-5
0.000103593
-0.000109953
0.000135228
-0.000100741
7.35641e-5
-9.15617e-5
7.23511e-5
-3.63559e-5
4.82231e-5
-2.31773e-5
4.52399e-6
2.18332e-5
-2.639e-5
1.21295e-6
-1.8096e-5
1.07199e-5
1.08182e-5
9.17912e-6
-1.08182e-6
1.00642e-5
-8.29399e-6
1.70469e-6
-1.12444e-5
1.57684e-5
-3.93391e-6
-1.21295e-6
0.000398406
-0.00122102
0.000841889
-0.000764522
0.000532618
-0.000483641
0.000385752
-0.000311565
0.000211054
-0.000156242
0.000102609
-9.15617e-5
8.61526e-5
-6.25491e-5
1.51128e-5
-1.63913e-6
1.06543e-5
-2.21938e-5
2.02924e-5
-1.17689e-5
-2.6226e-6
-1.56045e-5
6.52701e-5
-7.84487e-5
6.57946e-5
-7.9301e-5
7.1466e-5
-8.32677e-6
-9.50694e-7
-2.49147e-6
-2.42919e-5
-1.67191e-6
1.92761e-5
-2.06202e-5
1.44243e-6
-4.85182e-6
4.10438e-5
-1.89155e-5
-1.21623e-5
9.04799e-6
-8.39233e-6
-1.88172e-5
