3.14266e-5
-1.05351e-5
1.78665e-5
-2.27541e-5
3.33786e-5
-2.49893e-5
3.37511e-5
-2.44826e-5
2.32905e-5
-7.83801e-6
-2.30819e-5
4.18574e-5
-3.06964e-5
3.72529e-6
5.60284e-6
-1.80751e-5
4.75347e-5
-3.17991e-5
3.8445e-6
-1.2219e-5
1.3411e-6
-1.2964e-6
-5.66244e-7
1.59293e-5
-1.24872e-5
-1.53482e-6
-1.65403e-6
1.3411e-7
-1.10418e-5
4.67449e-5
-3.12775e-5
-1.43349e-5
3.05772e-5
-2.76566e-5
3.94434e-5
-2.41995e-5
-8.59797e-6
3.83258e-5
-4.38839e-5
3.27826e-5
-1.14739e-5
0.000198096
9.94504e-5
1.62274e-5
2.65837e-5
3.29018e-5
1.93864e-5
3.04431e-5
-5.39422e-6
2.42144e-5
2.64943e-5
-3.37958e-5
4.28557e-5
-5.96047e-7
4.81308e-6
7.7337e-6
-2.3514e-5
3.70741e-5
-3.99947e-5
5.05298e-5
-3.58075e-5
3.25143e-5
-3.30806e-6
-1.24127e-5
-1.69277e-5
4.29153e-5
-2.72989e-5
-3.68059e-6
-5.36442e-6
3.46899e-5
-1.77026e-5
-8.71718e-6
-2.25008e-6
-1.44541e-5
3.48836e-5
-2.84165e-5
3.9801e-5
-2.76417e-5
-4.35114e-6
-5.97537e-6
2.43932e-5
-1.96844e-5
2.33948e-6
-4.79817e-6
2.30968e-5
-3.76552e-5
3.53754e-5
-1.70618e-5
-4.63426e-6
-1.28448e-5
-0.000339776
0.000115633
-9.64105e-5
7.77841e-6
-3.72529e-5
-3.65377e-5
-1.34558e-5
1.4618e-5
-6.31809e-5
3.82662e-5
-1.8999e-5
-3.12626e-5
1.86861e-5
-3.24547e-5
1.77175e-5
-5.1409e-6
-4.88758e-6
-1.53184e-5
2.08616e-7
7.45058e-7
-2.81632e-6
-1.33365e-5
4.14699e-5
-3.18438e-5
-4.97699e-6
3.28869e-5
-2.88039e-5
2.4572e-5
-1.64956e-5
-2.04146e-6
-1.23978e-5
3.72827e-5
-2.71052e-5
-5.49853e-6
3.45409e-5
-3.01003e-5
-8.9407e-6
3.80874e-5
