2.14365e-5
-9.3022e-6
3.69608e-6
1.24714e-5
6.42359e-6
-9.0465e-6
1.12045e-5
-4.71968e-5
4.3458e-5
-1.2022e-5
1.5935e-5
-2.44507e-5
1.87749e-5
5.46277e-6
-1.68455e-5
2.24128e-5
-3.4799e-5
3.22884e-5
-3.79255e-5
3.66199e-5
-3.05489e-5
3.55583e-5
-3.94288e-5
3.48261e-5
-2.03285e-5
2.16109e-5
-2.90263e-5
3.70538e-5
-3.00917e-5
2.87125e-5
-3.05024e-5
0.000143527
0.000168889
-9.95502e-5
6.5003e-5
-7.24882e-6
2.08709e-5
8.29876e-6
-1.20956e-5
5.26285e-5
-3.70228e-5
2.65041e-5
2.29979e-5
-2.50086e-5
3.93164e-5
-3.14593e-5
4.84404e-5
-1.19483e-5
1.13478e-5
1.05459e-5
-1.59892e-5
4.70766e-5
-3.92428e-5
3.58373e-6
2.13629e-5
2.774e-6
-4.45545e-6
1.87284e-5
9.0465e-6
-2.4842e-5
3.6709e-5
-3.13121e-5
4.15906e-5
-2.06423e-5
6.45071e-6
-1.81705e-6
6.79553e-6
6.935e-7
8.25226e-6
-7.84546e-6
7.80284e-6
9.50754e-6
8.0508e-6
5.98967e-6
-3.10215e-5
3.38575e-5
-3.51515e-5
3.14283e-5
-2.18007e-5
2.34821e-5
-1.97279e-5
2.61128e-5
-1.58265e-5
2.82669e-5
-3.29122e-5
5.49996e-5
-7.43207e-5
6.19772e-5
-3.35941e-5
-1.91778e-6
3.29509e-5
-2.8201e-5
1.12781e-5
-3.86268e-6
6.935e-6
8.87215e-6
-1.95768e-5
1.15493e-5
-8.353e-6
1.70624e-5
-1.44976e-5
2.18937e-5
-1.51098e-7
2.98321e-7
5.19931e-6
-1.42419e-5
1.25915e-6
2.19673e-6
1.0418e-5
-8.70943e-6
3.50237e-6
2.12312e-6
1.21033e-5
-3.78326e-5
2.56944e-5
5.31942e-6
2.89798e-6
1.5009e-5
-3.83595e-5
1.90151e-5
1.5164e-5
-2.81119e-5
3.12308e-5
-4.32256e-5
3.80418e-5
-2.97159e-5
1.83913e-5
1.77327e-5
-4.77547e-5
4.11606e-5
-3.95683e-5
3.5229e-5
-3.3443e-5
2.82204e-5
1.29402e-6
-4.0347e-5
3.67051e-5
8.42273e-6
-3.65657e-5
3.56668e-5
-3.57869e-5
3.51554e-5
-2.20293e-5
-0.000267548
0.000105815
-0.000120952
8.44172e-5
-8.8059e-5
5.88507e-5
-6.04314e-5
2.99755e-5
-1.07899e-5
-2.17271e-5
-1.96815e-6
-3.63371e-5
3.92234e-5
-4.95988e-5
3.1839e-5
-2.21416e-5
-6.226e-6
-1.84611e-5
3.14012e-5
-3.63603e-5
8.01593e-6
-3.03745e-6
-1.0511e-5
-1.12897e-5
3.90917e-6
-1.92437e-5
-1.94103e-6
-5.1257e-6
2.57409e-5
-3.40667e-5
1.80388e-5
-2.44701e-5
1.43969e-5
-1.76668e-6
-2.82437e-6
-1.67447e-5
1.76203e-5
-9.30995e-6
-3.84718e-6
-1.35639e-5
