1.81317e-5
4.83513e-6
-4.16458e-6
-9.98318e-6
1.104e-5
4.62055e-6
1.8813e-5
-5.50675e-5
7.5025e-5
-6.82336e-5
2.06441e-5
9.22859e-6
-2.79665e-6
-2.04742e-6
2.32834e-5
-3.96252e-5
3.01176e-5
-2.0957e-6
1.73986e-6
1.46538e-5
-3.67463e-5
2.33424e-5
5.22852e-6
-2.60764e-5
0.000145274
0.000182385
-0.000145832
0.00013187
-0.00010896
7.41559e-5
-2.71028e-5
8.32737e-6
1.70463e-5
1.78456e-6
4.19319e-6
1.6467e-5
-4.30298e-5
5.08726e-5
-3.19719e-5
5.52982e-5
-2.68722e-5
-7.39038e-6
9.08017e-6
5.98133e-6
9.45926e-7
4.27187e-6
5.73456e-6
8.40426e-7
1.2356e-5
7.30634e-6
-3.55125e-5
3.97825e-5
-1.40011e-5
3.80945e-5
-3.33971e-5
3.82501e-5
-2.4206e-5
8.61168e-6
-5.24283e-6
1.63955e-5
2.05994e-6
6.58929e-6
2.88248e-6
8.74758e-6
-2.56062e-5
2.9e-5
-3.22437e-5
2.81131e-5
-7.76231e-6
3.42608e-5
-3.58468e-5
3.43591e-5
-2.59191e-5
-2.13325e-6
4.38809e-6
-1.66297e-6
9.76503e-6
1.39225e-5
-3.10957e-6
-1.79762e-5
2.12699e-5
-1.01924e-7
2.87247e-5
-5.68664e-5
7.71868e-5
-6.158e-5
4.26096e-5
-7.50446e-5
-0.000281201
0.000192116
-0.000130758
8.20667e-5
-5.21618e-5
2.53379e-5
-4.47893e-5
2.0653e-5
-9.65774e-6
1.38259e-5
-2.54273e-5
1.15621e-5
-2.64734e-5
4.51648e-5
-3.40176e-5
1.94818e-5
-2.7802e-5
1.76239e-5
-2.81507e-5
3.07006e-5
-4.7484e-5
5.17988e-5
