6.9201e-5
-1.92046e-5
2.17259e-5
-1.84536e-5
2.15381e-5
-2.19941e-6
8.79765e-6
-7.52896e-5
0.000107503
-6.56605e-5
1.01924e-6
-1.00583e-5
1.29282e-5
1.30087e-5
-3.24547e-6
-8.63671e-6
8.04663e-8
2.7895e-5
-6.51777e-6
-2.68221e-8
1.50204e-5
-6.65724e-5
0.000107154
-0.000147495
0.000184134
-0.00019159
0.000168496
-0.000138402
7.28756e-5
-2.01434e-5
1.75416e-5
6.89328e-6
-3.57002e-5
1.06484e-5
-5.0962e-6
-6.75917e-6
-2.34962e-5
8.64208e-5
-0.000114638
9.6935e-5
-8.52943e-5
9.14365e-5
-7.42704e-5
6.68138e-5
-8.96931e-5
9.18657e-5
-0.000103211
0.000130463
-9.23753e-5
8.91298e-5
-7.98494e-5
1.74075e-5
6.35684e-6
1.75953e-5
-1.93119e-6
1.30355e-5
-5.59509e-5
8.93712e-5
-8.43823e-5
3.2562e-5
-2.7895e-6
-5.52535e-6
2.25306e-5
-5.77211e-5
8.82179e-5
-5.73993e-5
2.22355e-5
1.09702e-5
-6.65993e-5
6.86914e-5
-6.10203e-5
7.38144e-5
0.000400427
-6.54996e-5
0.00017319
-0.000118956
8.59648e-5
-5.71311e-6
9.76324e-6
7.8857e-6
-5.57631e-5
0.000100261
-0.000153556
0.000170213
-0.000174639
0.000189364
-0.000172707
8.91298e-5
-1.76758e-5
2.02239e-5
-5.96523e-5
8.23975e-5
-7.68453e-5
7.58797e-5
-7.37071e-5
6.29246e-5
-8.53211e-5
-0.000596523
0.000370413
-0.000360999
0.000275302
-0.000267094
0.000269589
-0.000263178
0.000222677
-0.00015699
9.07928e-5
-0.00010474
7.25538e-5
-9.87053e-6
8.31485e-7
-2.73585e-6
-1.56105e-5
-3.43323e-6
8.67963e-5
-0.000103909
7.11054e-5
-7.12663e-5
