1.36197e-7
1.36197e-7
-2.68221e-8
-2.68221e-8
7.43866e-8
7.43866e-8
-3.24249e-8
-3.24249e-8
6.80089e-8
6.80089e-8
-2.77162e-8
-2.77162e-8
1.72853e-8
1.72853e-8
2.17557e-8
2.17557e-8
-5.48363e-9
-5.48363e-9
2.40803e-8
2.40803e-8
-1.40071e-8
-1.40071e-8
2.01464e-8
2.01464e-8
-1.78218e-8
-1.78218e-8
2.43783e-8
2.43783e-8
-2.16365e-8
-2.16365e-8
2.50936e-8
2.50936e-8
-2.23517e-8
-2.23517e-8
9.95398e-9
9.95398e-9
-1.43051e-8
-1.43051e-8
2.08616e-8
2.08616e-8
-2.55704e-8
-2.55704e-8
3.89218e-8
3.89218e-8
-1.09673e-8
-1.09673e-8
-1.37687e-8
-1.37687e-8
-1.43647e-8
-1.43647e-8
1.37091e-9
1.37091e-9
-2.47359e-8
-2.47359e-8
5.24521e-9
5.24521e-9
2.56896e-8
2.56896e-8
-2.51532e-8
-2.51532e-8
1.97291e-8
1.97291e-8
-2.36034e-8
-2.36034e-8
3.40939e-8
3.40939e-8
-2.88487e-8
-2.88487e-8
1.54376e-8
1.54376e-8
-2.88487e-8
-2.88487e-8
2.47955e-8
2.47955e-8
-9.05991e-9
-9.05991e-9
1.59144e-8
1.59144e-8
-1.32918e-8
-1.32918e-8
3.27826e-8
3.27826e-8
-3.51071e-8
-3.51071e-8
2.34246e-8
2.34246e-8
-1.0252e-8
-1.0252e-8
7.27177e-9
7.27177e-9
-1.98483e-8
-1.98483e-8
2.71201e-8
2.71201e-8
-4.46439e-8
-4.46439e-8
1.49608e-8
1.49608e-8
-4.90546e-8
-4.90546e-8
7.689e-8
7.689e-8
-7.05719e-8
-7.05719e-8
6.94394e-8
6.94394e-8
-6.23465e-8
-6.23465e-8
7.08103e-8
7.08103e-8
-7.4029e-8
-7.4029e-8
7.07507e-8
7.07507e-8
-7.77245e-8
-7.77245e-8
5.79357e-8
5.79357e-8
-2.69413e-8
-2.69413e-8
1.31726e-8
1.31726e-8
2.00868e-8
2.00868e-8
-1.77622e-8
-1.77622e-8
2.10404e-8
2.10404e-8
-1.88947e-8
-1.88947e-8
2.17557e-8
2.17557e-8
-1.42455e-8
-1.42455e-8
1.54972e-8
1.54972e-8
-2.11e-8
-2.11e-8
1.55568e-8
1.55568e-8
-1.04904e-8
-1.04904e-8
2.68817e-8
2.68817e-8
-3.11732e-8
-3.11732e-8
1.25766e-8
1.25766e-8
-2.59876e-8
-2.59876e-8
5.30362e-7
5.30362e-7
-6.55651e-8
-6.55651e-8
3.06428e-7
3.06428e-7
-7.89166e-8
-7.89166e-8
1.8847e-7
1.8847e-7
-6.40154e-8
-6.40154e-8
9.90033e-8
9.90033e-8
-2.80142e-8
-2.80142e-8
2.68221e-9
2.68221e-9
1.5676e-8
1.5676e-8
5.1856e-9
5.1856e-9
2.34246e-8
2.34246e-8
-3.70145e-8
-3.70145e-8
4.94719e-9
4.94719e-9
3.63588e-9
3.63588e-9
3.65973e-8
3.65973e-8
-4.82202e-8
-4.82202e-8
4.85182e-8
4.85182e-8
-3.65377e-8
-3.65377e-8
2.25306e-8
2.25306e-8
-1.63317e-8
-1.63317e-8
1.63913e-8
1.63913e-8
-3.12924e-8
-3.12924e-8
1.2517e-8
1.2517e-8
2.62857e-8
2.62857e-8
-3.88622e-8
-3.88622e-8
3.14713e-8
3.14713e-8
-2.98023e-8
-2.98023e-8
1.84774e-8
1.84774e-8
-1.89543e-8
-1.89543e-8
3.89218e-8
3.89218e-8
-1.18613e-8
-1.18613e-8
3.82066e-8
3.82066e-8
-2.47359e-8
-2.47359e-8
1.17421e-8
1.17421e-8
-1.91331e-8
-1.91331e-8
2.8193e-8
2.8193e-8
-3.70741e-8
-3.70741e-8
4.70877e-9
4.70877e-9
1.64509e-8
1.64509e-8
-3.49283e-8
-3.49283e-8
1.10865e-8
1.10865e-8
2.17557e-8
2.17557e-8
-2.59876e-8
-2.59876e-8
7.98702e-9
7.98702e-9
3.03388e-8
3.03388e-8
-3.15309e-8
-3.15309e-8
-1.66893e-9
-1.66893e-9
5.72205e-9
5.72205e-9
7.15256e-10
7.15256e-10
1.2815e-8
1.2815e-8
-3.56436e-8
-3.56436e-8
-3.69549e-9
-3.69549e-9
2.44379e-9
2.44379e-9
2.21133e-8
2.21133e-8
-1.00732e-8
-1.00732e-8
1.18017e-8
1.18017e-8
-2.05636e-8
-2.05636e-8
1.7941e-8
1.7941e-8
-2.75373e-8
-2.75373e-8
4.76837e-10
4.76837e-10
1.01924e-8
1.01924e-8
2.38419e-9
2.38419e-9
2.61664e-8
2.61664e-8
-4.05908e-8
-4.05908e-8
1.69873e-8
1.69873e-8
8.40426e-9
8.40426e-9
1.5676e-8
1.5676e-8
-2.32458e-8
-2.32458e-8
1.85967e-8
1.85967e-8
-2.06232e-8
-2.06232e-8
1.69873e-8
1.69873e-8
-1.75834e-8
-1.75834e-8
2.29478e-8
2.29478e-8
-3.32594e-8
-3.32594e-8
2.40207e-8
2.40207e-8
-3.21269e-8
-3.21269e-8
2.74777e-8
2.74777e-8
-2.25306e-8
-2.25306e-8
1.94907e-8
1.94907e-8
-2.71797e-8
-2.71797e-8
1.2219e-8
1.2219e-8
-1.43051e-9
-1.43051e-9
1.94311e-8
1.94311e-8
-1.88351e-8
-1.88351e-8
1.49608e-8
1.49608e-8
3.05176e-8
3.05176e-8
-3.89814e-8
-3.89814e-8
1.055e-8
1.055e-8
1.71065e-8
1.71065e-8
-2.03848e-8
-2.03848e-8
2.15173e-8
2.15173e-8
-2.76566e-8
-2.76566e-8
1.22786e-8
1.22786e-8
1.30534e-8
1.30534e-8
-2.81334e-8
-2.81334e-8
3.45707e-9
3.45707e-9
3.1054e-8
3.1054e-8
-4.53591e-8
-4.53591e-8
5.37634e-8
5.37634e-8
-4.42267e-8
-4.42267e-8
3.42131e-8
3.42131e-8
-2.93255e-8
-2.93255e-8
1.39475e-8
1.39475e-8
-3.38554e-8
-3.38554e-8
1.94907e-8
1.94907e-8
2.6226e-9
2.6226e-9
1.46031e-8
1.46031e-8
-4.05312e-8
-4.05312e-8
7.56383e-8
7.56383e-8
-7.59363e-8
-7.59363e-8
7.82013e-8
7.82013e-8
-7.93934e-8
-7.93934e-8
5.42998e-8
5.42998e-8
-3.49879e-8
-3.49879e-8
2.3663e-8
2.3663e-8
-2.98619e-8
-2.98619e-8
-1.90735e-9
-1.90735e-9
-7.45058e-9
-7.45058e-9
5.48363e-9
5.48363e-9
3.39747e-9
3.39747e-9
3.27826e-9
3.27826e-9
1.60337e-8
1.60337e-8
1.57356e-8
1.57356e-8
-2.73585e-8
-2.73585e-8
2.00868e-8
2.00868e-8
-4.37498e-8
-4.37498e-8
4.94719e-8
4.94719e-8
-5.79357e-8
-5.79357e-8
6.39558e-8
6.39558e-8
-3.42131e-8
-3.42131e-8
1.70469e-8
1.70469e-8
-2.18153e-8
-2.18153e-8
1.03116e-8
1.03116e-8
-2.78056e-7
-2.78056e-7
-1.7184e-7
-1.7184e-7
-1.60813e-7
-1.60813e-7
-8.01087e-8
-8.01087e-8
-7.86781e-8
-7.86781e-8
-2.22325e-8
-2.22325e-8
-3.50475e-8
-3.50475e-8
-3.55244e-8
-3.55244e-8
8.34465e-9
8.34465e-9
-3.80874e-8
-3.80874e-8
-6.07967e-9
-6.07967e-9
1.10269e-8
1.10269e-8
-2.5034e-8
-2.5034e-8
2.3067e-8
2.3067e-8
-1.51992e-8
-1.51992e-8
-3.33786e-9
-3.33786e-9
2.2769e-8
2.2769e-8
-2.58684e-8
-2.58684e-8
1.10269e-8
1.10269e-8
2.58684e-8
2.58684e-8
-1.83582e-8
-1.83582e-8
1.74046e-8
1.74046e-8
-1.19209e-8
-1.19209e-8
2.06828e-8
2.06828e-8
-3.43323e-8
-3.43323e-8
5.78165e-9
5.78165e-9
2.44379e-8
2.44379e-8
-3.3021e-8
-3.3021e-8
4.88758e-9
4.88758e-9
