2.32458e-8
2.32458e-8
2.85506e-8
2.85506e-8
2.21133e-8
2.21133e-8
8.46386e-9
8.46386e-9
2.22921e-8
2.22921e-8
2.73585e-8
2.73585e-8
5.04255e-8
5.04255e-8
-2.21133e-8
-2.21133e-8
7.4923e-8
7.4923e-8
-1.54376e-8
-1.54376e-8
1.16229e-8
1.16229e-8
2.30074e-8
2.30074e-8
1.8537e-8
1.8537e-8
1.51992e-8
1.51992e-8
4.44651e-8
4.44651e-8
-8.04663e-9
-8.04663e-9
3.08752e-8
3.08752e-8
2.70009e-8
2.70009e-8
2.8193e-8
2.8193e-8
4.58956e-8
4.58956e-8
-2.98023e-9
-2.98023e-9
2.70605e-8
2.70605e-8
3.2723e-8
3.2723e-8
-1.96695e-9
-1.96695e-9
1.84357e-7
1.84357e-7
4.11093e-7
4.11093e-7
2.08318e-7
2.08318e-7
3.6937e-7
3.6937e-7
2.15471e-7
2.15471e-7
3.02255e-7
3.02255e-7
2.55883e-7
2.55883e-7
2.56717e-7
2.56717e-7
2.68698e-7
2.68698e-7
2.60651e-7
2.60651e-7
2.56002e-7
2.56002e-7
2.67267e-7
2.67267e-7
2.01821e-7
2.01821e-7
2.5928e-7
2.5928e-7
2.08318e-7
2.08318e-7
2.71201e-7
2.71201e-7
2.26319e-7
2.26319e-7
2.08139e-7
2.08139e-7
2.11775e-7
2.11775e-7
2.11298e-7
2.11298e-7
2.04384e-7
2.04384e-7
2.02e-7
2.02e-7
2.01583e-7
2.01583e-7
1.94907e-7
1.94907e-7
2.03252e-7
2.03252e-7
2.04802e-7
2.04802e-7
1.51396e-7
1.51396e-7
1.96576e-7
1.96576e-7
1.71065e-7
1.71065e-7
2.13325e-7
2.13325e-7
1.62303e-7
1.62303e-7
2.051e-7
2.051e-7
1.66178e-7
1.66178e-7
1.70827e-7
1.70827e-7
1.57535e-7
1.57535e-7
1.72496e-7
1.72496e-7
1.68502e-7
1.68502e-7
1.70469e-7
1.70469e-7
1.67608e-7
1.67608e-7
1.72377e-7
1.72377e-7
1.32918e-7
1.32918e-7
1.64986e-7
1.64986e-7
1.17302e-7
1.17302e-7
1.48833e-7
1.48833e-7
1.33157e-7
1.33157e-7
1.71959e-7
1.71959e-7
1.19388e-7
1.19388e-7
1.58846e-7
1.58846e-7
1.19507e-7
1.19507e-7
1.12176e-7
1.12176e-7
1.13487e-7
1.13487e-7
1.0699e-7
1.0699e-7
1.15395e-7
1.15395e-7
1.28806e-7
1.28806e-7
1.19865e-7
1.19865e-7
9.22084e-8
9.22084e-8
1.15931e-7
1.15931e-7
1.11341e-7
1.11341e-7
1.43886e-7
1.43886e-7
6.54459e-8
6.54459e-8
1.61886e-7
1.61886e-7
7.67112e-8
7.67112e-8
1.28388e-7
1.28388e-7
2.72393e-8
2.72393e-8
-3.34322e-7
-3.34322e-7
-7.51615e-8
-7.51615e-8
-2.39909e-7
-2.39909e-7
-1.25468e-7
-1.25468e-7
-1.87516e-7
-1.87516e-7
-1.4782e-7
-1.4782e-7
-1.99556e-7
-1.99556e-7
-1.65403e-7
-1.65403e-7
-1.71423e-7
-1.71423e-7
-1.47104e-7
-1.47104e-7
-1.74046e-7
-1.74046e-7
-1.52528e-7
-1.52528e-7
-1.80602e-7
-1.80602e-7
-1.15752e-7
-1.15752e-7
-1.54912e-7
-1.54912e-7
-1.23978e-7
-1.23978e-7
-1.54853e-7
-1.54853e-7
-1.26302e-7
-1.26302e-7
-1.57535e-7
-1.57535e-7
-1.12116e-7
-1.12116e-7
-1.68681e-7
-1.68681e-7
-9.57847e-8
-9.57847e-8
