4.19021e-8
4.19021e-8
1.38879e-8
1.38879e-8
3.30806e-8
3.30806e-8
-8.28505e-9
-8.28505e-9
3.89814e-8
3.89814e-8
-7.33137e-9
-7.33137e-9
4.01139e-8
4.01139e-8
-5.90086e-9
-5.90086e-9
2.71201e-8
2.71201e-8
7.6294e-9
7.6294e-9
-2.56896e-8
-2.56896e-8
3.86834e-8
3.86834e-8
-1.51396e-8
-1.51396e-8
-5.126e-9
-5.126e-9
4.05312e-9
4.05312e-9
-2.13981e-8
-2.13981e-8
4.91142e-8
4.91142e-8
-9.65595e-9
-9.65595e-9
-1.3113e-9
-1.3113e-9
-1.71661e-8
-1.71661e-8
-9.65595e-9
-9.65595e-9
-8.16584e-9
-8.16584e-9
-6.19888e-9
-6.19888e-9
1.71065e-8
1.71065e-8
-5.24521e-9
-5.24521e-9
-5.54323e-9
-5.54323e-9
-5.90086e-9
-5.90086e-9
-3.75509e-9
-3.75509e-9
-1.72257e-8
-1.72257e-8
5.08428e-8
5.08428e-8
-7.80821e-9
-7.80821e-9
-2.43187e-8
-2.43187e-8
2.45571e-8
2.45571e-8
-2.0504e-8
-2.0504e-8
3.89218e-8
3.89218e-8
-6.31809e-9
-6.31809e-9
-1.5676e-8
-1.5676e-8
4.06504e-8
4.06504e-8
-3.14117e-8
-3.14117e-8
2.2769e-8
2.2769e-8
-1.19209e-10
-1.19209e-10
2.64049e-7
2.64049e-7
3.08633e-7
3.08633e-7
2.27392e-7
2.27392e-7
1.87039e-7
1.87039e-7
1.68562e-7
1.68562e-7
1.38223e-7
1.38223e-7
1.3274e-7
1.3274e-7
8.13007e-8
8.13007e-8
8.64863e-8
8.64863e-8
9.29833e-8
9.29833e-8
1.69277e-8
1.69277e-8
6.84261e-8
6.84261e-8
4.48227e-8
4.48227e-8
3.62992e-8
3.62992e-8
3.45111e-8
3.45111e-8
-8.34465e-9
-8.34465e-9
4.3869e-8
4.3869e-8
-2.40803e-8
-2.40803e-8
5.13196e-8
5.13196e-8
-1.35303e-8
-1.35303e-8
3.43323e-8
3.43323e-8
1.84774e-8
1.84774e-8
-4.23193e-9
-4.23193e-9
-2.53916e-8
-2.53916e-8
4.02927e-8
4.02927e-8
-9.53674e-9
-9.53674e-9
-1.12653e-8
-1.12653e-8
-1.46627e-8
-1.46627e-8
3.6478e-8
3.6478e-8
7.15256e-10
7.15256e-10
-1.11461e-8
-1.11461e-8
-1.04308e-8
-1.04308e-8
-2.6226e-8
-2.6226e-8
2.90275e-8
2.90275e-8
-1.8537e-8
-1.8537e-8
4.071e-8
4.071e-8
-9.71556e-9
-9.71556e-9
-1.22786e-8
-1.22786e-8
-1.61529e-8
-1.61529e-8
2.17557e-8
2.17557e-8
-1.17421e-8
-1.17421e-8
-4.70877e-9
-4.70877e-9
-9.53674e-9
-9.53674e-9
2.44379e-8
2.44379e-8
-3.3915e-8
-3.3915e-8
2.45571e-8
2.45571e-8
-6.3777e-9
-6.3777e-9
-1.04308e-8
-1.04308e-8
-2.40803e-8
-2.40803e-8
-4.69089e-7
-4.69089e-7
-1.58548e-7
-1.58548e-7
-2.34246e-7
-2.34246e-7
-1.45793e-7
-1.45793e-7
-1.46866e-7
-1.46866e-7
-1.46627e-7
-1.46627e-7
-1.15693e-7
-1.15693e-7
-5.76377e-8
-5.76377e-8
-1.22666e-7
-1.22666e-7
-3.0756e-8
-3.0756e-8
-4.5836e-8
-4.5836e-8
-7.22408e-8
-7.22408e-8
-2.32458e-8
-2.32458e-8
-5.87702e-8
-5.87702e-8
-1.55568e-8
-1.55568e-8
-1.72257e-8
-1.72257e-8
-1.80006e-8
-1.80006e-8
-3.24249e-8
-3.24249e-8
-2.13385e-8
-2.13385e-8
-1.32322e-8
-1.32322e-8
-1.25766e-8
-1.25766e-8
-2.61664e-8
-2.61664e-8
3.7849e-8
3.7849e-8
-1.72257e-8
-1.72257e-8
-1.81198e-8
-1.81198e-8
3.17693e-8
3.17693e-8
-1.72257e-8
-1.72257e-8
2.12789e-8
2.12789e-8
-7.80821e-9
-7.80821e-9
-7.92742e-9
-7.92742e-9
-2.18153e-8
-2.18153e-8
3.51667e-8
3.51667e-8
-1.26958e-8
-1.26958e-8
-1.57952e-8
-1.57952e-8
3.55244e-8
3.55244e-8
-1.64509e-8
-1.64509e-8
-2.28882e-8
-2.28882e-8
3.55244e-8
3.55244e-8
