5.126e-8
5.126e-8
2.86102e-9
2.86102e-9
1.70469e-8
1.70469e-8
-7.98702e-9
-7.98702e-9
1.32918e-8
1.32918e-8
2.80142e-9
2.80142e-9
7.45058e-9
7.45058e-9
-5.32866e-8
-5.32866e-8
6.18696e-8
6.18696e-8
-2.80142e-8
-2.80142e-8
-8.58307e-9
-8.58307e-9
-1.03116e-8
-1.03116e-8
6.13928e-9
6.13928e-9
1.16825e-8
1.16825e-8
1.49012e-9
1.49012e-9
-5.90086e-9
-5.90086e-9
-1.90735e-9
-1.90735e-9
2.00272e-8
2.00272e-8
1.84774e-9
1.84774e-9
5.96047e-10
5.96047e-10
1.13249e-8
1.13249e-8
-4.5538e-8
-4.5538e-8
6.41942e-8
6.41942e-8
-8.78573e-8
-8.78573e-8
1.0711e-7
1.0711e-7
-1.06215e-7
-1.06215e-7
8.9407e-8
8.9407e-8
-7.27177e-8
-7.27177e-8
2.97427e-8
2.97427e-8
-5.00679e-9
-5.00679e-9
1.13249e-8
1.13249e-8
8.88109e-9
8.88109e-9
-2.34842e-8
-2.34842e-8
5.96047e-11
5.96047e-11
-3.75509e-9
-3.75509e-9
-6.25849e-9
-6.25849e-9
-1.94907e-8
-1.94907e-8
5.75185e-8
5.75185e-8
-6.57439e-8
-6.57439e-8
4.98891e-8
4.98891e-8
-4.65512e-8
-4.65512e-8
5.22137e-8
5.22137e-8
-3.76105e-8
-3.76105e-8
3.69549e-8
3.69549e-8
-5.4121e-8
-5.4121e-8
5.00083e-8
5.00083e-8
-5.97835e-8
-5.97835e-8
7.67112e-8
7.67112e-8
-4.28557e-8
-4.28557e-8
5.17368e-8
5.17368e-8
-4.19021e-8
-4.19021e-8
-1.07288e-9
-1.07288e-9
4.35114e-9
4.35114e-9
1.44839e-8
1.44839e-8
3.39747e-9
3.39747e-9
1.07884e-8
1.07884e-8
-3.7849e-8
-3.7849e-8
5.35846e-8
5.35846e-8
-4.46439e-8
-4.46439e-8
9.23872e-9
9.23872e-9
1.01328e-9
1.01328e-9
-3.75509e-9
-3.75509e-9
1.54376e-8
1.54376e-8
-3.76105e-8
-3.76105e-8
5.28097e-8
5.28097e-8
-2.49147e-8
-2.49147e-8
8.16584e-9
8.16584e-9
1.0848e-8
1.0848e-8
-4.57168e-8
-4.57168e-8
3.56436e-8
3.56436e-8
-3.3319e-8
-3.3319e-8
4.3571e-8
4.3571e-8
3.11136e-7
3.11136e-7
5.51939e-8
5.51939e-8
1.46687e-7
1.46687e-7
-3.92199e-8
-3.92199e-8
5.06043e-8
5.06043e-8
1.26362e-8
1.26362e-8
1.14441e-8
1.14441e-8
9.65595e-9
9.65595e-9
-3.80874e-8
-3.80874e-8
6.15716e-8
6.15716e-8
-9.32217e-8
-9.32217e-8
9.50098e-8
9.50098e-8
-9.7692e-8
-9.7692e-8
1.07706e-7
1.07706e-7
-9.20296e-8
-9.20296e-8
3.53456e-8
3.53456e-8
-1.3113e-9
-1.3113e-9
1.45435e-8
1.45435e-8
-3.93391e-8
-3.93391e-8
4.79221e-8
4.79221e-8
-4.09484e-8
-4.09484e-8
4.25577e-8
4.25577e-8
-4.0412e-8
-4.0412e-8
3.31402e-8
3.31402e-8
-5.21541e-8
-5.21541e-8
-4.59254e-7
-4.59254e-7
1.21295e-7
1.21295e-7
-2.26975e-7
-2.26975e-7
1.28269e-7
1.28269e-7
-1.55091e-7
-1.55091e-7
1.47998e-7
1.47998e-7
-1.45614e-7
-1.45614e-7
1.16408e-7
1.16408e-7
-7.7486e-8
-7.7486e-8
4.14252e-8
4.14252e-8
-6.3777e-8
-6.3777e-8
3.24845e-8
3.24845e-8
3.51667e-9
3.51667e-9
1.78814e-9
1.78814e-9
-1.43051e-9
-1.43051e-9
-1.20401e-8
-1.20401e-8
-6.55651e-9
-6.55651e-9
6.2108e-8
6.2108e-8
-5.62668e-8
-5.62668e-8
3.3915e-8
3.3915e-8
-4.14848e-8
-4.14848e-8
