5.56111e-8
5.56111e-8
2.02656e-9
2.02656e-9
3.11732e-8
3.11732e-8
1.37091e-9
1.37091e-9
-5.90086e-9
-5.90086e-9
4.35114e-9
4.35114e-9
3.8743e-9
3.8743e-9
-5.96047e-11
-5.96047e-11
-4.70877e-9
-4.70877e-9
3.69549e-9
3.69549e-9
-3.21865e-9
-3.21865e-9
-4.17233e-10
-4.17233e-10
9.29833e-9
9.29833e-9
-3.33786e-9
-3.33786e-9
-4.58956e-9
-4.58956e-9
-1.23978e-8
-1.23978e-8
9.59635e-9
9.59635e-9
-2.91467e-8
-2.91467e-8
3.97563e-8
3.97563e-8
3.03984e-9
3.03984e-9
-7.86781e-9
-7.86781e-9
-1.37687e-8
-1.37687e-8
-6.61612e-9
-6.61612e-9
6.4373e-9
6.4373e-9
5.00679e-9
5.00679e-9
-9.77516e-9
-9.77516e-9
3.76701e-8
3.76701e-8
-3.76701e-8
-3.76701e-8
5.00083e-8
5.00083e-8
-6.07967e-8
-6.07967e-8
3.0309e-7
3.0309e-7
1.73628e-7
1.73628e-7
1.86861e-7
1.86861e-7
4.69089e-8
4.69089e-8
1.06454e-7
1.06454e-7
9.53674e-10
9.53674e-10
9.46522e-8
9.46522e-8
-5.26309e-8
-5.26309e-8
9.66191e-8
9.66191e-8
-4.3273e-8
-4.3273e-8
4.52399e-8
4.52399e-8
-6.06179e-8
-6.06179e-8
3.54648e-8
3.54648e-8
-1.53184e-8
-1.53184e-8
3.618e-8
3.618e-8
-2.98023e-9
-2.98023e-9
2.6226e-9
2.6226e-9
2.11597e-8
2.11597e-8
-1.3411e-8
-1.3411e-8
-5.60284e-9
-5.60284e-9
-1.92523e-8
-1.92523e-8
1.19209e-10
1.19209e-10
9.89437e-9
9.89437e-9
1.32918e-8
1.32918e-8
5.66244e-9
5.66244e-9
1.19805e-8
1.19805e-8
-1.54972e-9
-1.54972e-9
7.7486e-10
7.7486e-10
-9.83477e-9
-9.83477e-9
9.41753e-9
9.41753e-9
1.13249e-9
1.13249e-9
-5.36442e-10
-5.36442e-10
3.61919e-7
3.61919e-7
-9.29058e-7
-9.29058e-7
3.00825e-7
3.00825e-7
-5.44608e-7
-5.44608e-7
2.11895e-7
2.11895e-7
-3.33726e-7
-3.33726e-7
1.83821e-7
1.83821e-7
-1.91331e-7
-1.91331e-7
9.62019e-8
9.62019e-8
-9.39369e-8
-9.39369e-8
4.63128e-8
4.63128e-8
-6.00815e-8
-6.00815e-8
4.82798e-8
4.82798e-8
-3.2723e-8
-3.2723e-8
-2.6226e-9
-2.6226e-9
-2.80142e-9
-2.80142e-9
8.28505e-9
8.28505e-9
-1.60337e-8
-1.60337e-8
1.04308e-8
1.04308e-8
-5.48363e-9
-5.48363e-9
-5.126e-9
-5.126e-9
-1.67489e-8
-1.67489e-8
5.0962e-8
5.0962e-8
-4.5836e-8
-4.5836e-8
3.68953e-8
3.68953e-8
-5.36442e-8
-5.36442e-8
3.8147e-8
3.8147e-8
1.15037e-8
1.15037e-8
4.88758e-9
4.88758e-9
1.78814e-10
1.78814e-10
-2.19941e-8
-2.19941e-8
-1.2517e-8
-1.2517e-8
1.12653e-8
1.12653e-8
-1.3113e-8
-1.3113e-8
-5.24521e-9
-5.24521e-9
-7.03335e-9
-7.03335e-9
3.37958e-8
3.37958e-8
-2.98023e-10
-2.98023e-10
-1.12057e-8
-1.12057e-8
2.6226e-9
2.6226e-9
-6.31809e-9
-6.31809e-9
-2.02656e-8
-2.02656e-8
