2.99811e-8
2.99811e-8
1.42455e-8
1.42455e-8
1.81198e-8
1.81198e-8
3.3915e-8
3.3915e-8
3.98159e-8
3.98159e-8
2.35438e-8
2.35438e-8
3.70741e-8
3.70741e-8
-3.23057e-8
-3.23057e-8
3.14117e-8
3.14117e-8
1.17421e-8
1.17421e-8
3.29614e-8
3.29614e-8
-4.23193e-9
-4.23193e-9
2.24113e-8
2.24113e-8
2.80142e-8
2.80142e-8
1.90735e-9
1.90735e-9
3.30806e-8
3.30806e-8
-1.85967e-8
-1.85967e-8
2.82526e-8
2.82526e-8
-2.73585e-8
-2.73585e-8
2.63453e-8
2.63453e-8
-1.87755e-8
-1.87755e-8
3.26633e-8
3.26633e-8
-2.54512e-8
-2.54512e-8
2.55704e-8
2.55704e-8
-5.1856e-9
-5.1856e-9
2.55108e-8
2.55108e-8
-1.74046e-8
-1.74046e-8
3.60012e-8
3.60012e-8
-9.35793e-9
-9.35793e-9
3.16501e-8
3.16501e-8
-1.38879e-8
-1.38879e-8
1.88112e-7
1.88112e-7
4.07219e-7
4.07219e-7
2.30968e-7
2.30968e-7
3.00884e-7
3.00884e-7
2.63393e-7
2.63393e-7
2.68638e-7
2.68638e-7
2.55823e-7
2.55823e-7
2.1565e-7
2.1565e-7
2.69651e-7
2.69651e-7
1.93357e-7
1.93357e-7
2.12848e-7
2.12848e-7
2.25663e-7
2.25663e-7
1.70171e-7
1.70171e-7
2.09689e-7
2.09689e-7
1.46627e-7
1.46627e-7
2.01046e-7
2.01046e-7
1.66059e-7
1.66059e-7
1.66833e-7
1.66833e-7
1.66416e-7
1.66416e-7
1.28925e-7
1.28925e-7
1.83046e-7
1.83046e-7
1.1152e-7
1.1152e-7
1.06394e-7
1.06394e-7
1.266e-7
1.266e-7
1.18971e-7
1.18971e-7
1.01924e-7
1.01924e-7
1.18852e-7
1.18852e-7
1.20699e-7
1.20699e-7
7.49827e-8
7.49827e-8
1.19507e-7
1.19507e-7
6.48499e-8
6.48499e-8
1.17123e-7
1.17123e-7
7.76053e-8
7.76053e-8
7.95722e-8
7.95722e-8
6.9797e-8
6.9797e-8
7.29561e-8
7.29561e-8
6.72937e-8
6.72937e-8
7.27177e-8
7.27177e-8
5.51343e-8
5.51343e-8
6.10352e-8
6.10352e-8
6.87838e-8
6.87838e-8
7.37906e-8
7.37906e-8
7.54595e-8
7.54595e-8
2.52128e-8
2.52128e-8
7.02739e-8
7.02739e-8
1.47223e-8
1.47223e-8
5.73397e-8
5.73397e-8
2.16365e-8
2.16365e-8
5.25117e-8
5.25117e-8
2.01464e-8
2.01464e-8
5.48363e-8
5.48363e-8
2.77162e-8
2.77162e-8
6.47307e-8
6.47307e-8
1.2815e-8
1.2815e-8
8.85725e-8
8.85725e-8
-2.34246e-8
-2.34246e-8
6.53863e-8
6.53863e-8
1.24574e-8
1.24574e-8
8.64267e-9
8.64267e-9
5.39422e-8
5.39422e-8
9.59635e-9
9.59635e-9
2.44975e-8
2.44975e-8
1.68681e-8
1.68681e-8
2.5034e-8
2.5034e-8
3.51667e-8
3.51667e-8
4.58956e-9
4.58956e-9
2.03252e-8
2.03252e-8
6.79493e-9
6.79493e-9
3.00407e-8
3.00407e-8
7.03335e-9
7.03335e-9
3.70145e-8
3.70145e-8
3.34382e-8
3.34382e-8
3.08156e-8
3.08156e-8
3.5286e-8
3.5286e-8
1.21593e-8
1.21593e-8
1.2815e-8
1.2815e-8
1.47223e-8
1.47223e-8
2.79546e-8
2.79546e-8
1.32322e-8
1.32322e-8
1.69277e-8
1.69277e-8
1.83582e-8
1.83582e-8
3.3617e-8
3.3617e-8
-2.23517e-8
-2.23517e-8
1.56164e-8
1.56164e-8
2.16365e-8
2.16365e-8
2.37227e-8
2.37227e-8
4.25577e-8
4.25577e-8
-1.49608e-8
-1.49608e-8
1.29938e-8
1.29938e-8
3.3021e-8
3.3021e-8
-9.29833e-9
-9.29833e-9
3.52263e-8
3.52263e-8
-2.84314e-8
-2.84314e-8
2.73585e-8
2.73585e-8
-1.66893e-8
-1.66893e-8
1.055e-8
1.055e-8
3.43919e-8
3.43919e-8
-3.55244e-8
-3.55244e-8
2.52724e-8
2.52724e-8
-3.23653e-8
-3.23653e-8
1.98483e-8
1.98483e-8
-2.87294e-8
-2.87294e-8
1.33514e-8
1.33514e-8
1.39475e-8
1.39475e-8
-4.37498e-8
-4.37498e-8
1.15633e-8
1.15633e-8
2.22921e-8
2.22921e-8
-3.08752e-8
-3.08752e-8
2.18153e-8
2.18153e-8
-3.02196e-8
-3.02196e-8
2.16961e-8
2.16961e-8
-1.10865e-8
-1.10865e-8
-3.84271e-7
-3.84271e-7
-2.01345e-7
-2.01345e-7
-3.52204e-7
-3.52204e-7
-2.02119e-7
-2.02119e-7
-3.06904e-7
-3.06904e-7
-1.96695e-7
-1.96695e-7
-2.63333e-7
-2.63333e-7
-1.9747e-7
-1.9747e-7
-1.94609e-7
-1.94609e-7
-2.07305e-7
-2.07305e-7
-1.91212e-7
-1.91212e-7
-2.2465e-7
-2.2465e-7
-1.49369e-7
-1.49369e-7
-2.05159e-7
-2.05159e-7
-1.41978e-7
-1.41978e-7
-1.60038e-7
-1.60038e-7
-1.54197e-7
-1.54197e-7
-1.65999e-7
-1.65999e-7
-1.0699e-7
-1.0699e-7
-1.48118e-7
-1.48118e-7
-1.23441e-7
-1.23441e-7
-1.16467e-7
-1.16467e-7
-1.2058e-7
-1.2058e-7
-1.25408e-7
-1.25408e-7
-1.0854e-7
-1.0854e-7
-1.25587e-7
-1.25587e-7
-1.16885e-7
-1.16885e-7
-1.13428e-7
-1.13428e-7
-6.71148e-8
-6.71148e-8
-1.08659e-7
-1.08659e-7
-7.35521e-8
-7.35521e-8
-1.01089e-7
-1.01089e-7
-7.1764e-8
-7.1764e-8
-6.77109e-8
-6.77109e-8
-6.55055e-8
-6.55055e-8
-8.29697e-8
-8.29697e-8
-5.07832e-8
-5.07832e-8
-5.91874e-8
-5.91874e-8
-5.91874e-8
-5.91874e-8
-7.27773e-8
-7.27773e-8
