-3.91007e-10
-3.91007e-10
1.03712e-11
1.03712e-11
-2.31802e-10
-2.31802e-10
3.43323e-11
3.43323e-11
-1.26302e-10
-1.26302e-10
5.62072e-11
5.62072e-11
-7.84993e-11
-7.84993e-11
2.41399e-11
2.41399e-11
-3.65377e-11
-3.65377e-11
1.84178e-11
1.84178e-11
-3.73721e-11
-3.73721e-11
1.33514e-11
1.33514e-11
1.3113e-11
1.3113e-11
-5.93066e-11
-5.93066e-11
6.57439e-11
6.57439e-11
-2.45571e-11
-2.45571e-11
2.46167e-11
2.46167e-11
-3.8743e-11
-3.8743e-11
1.15633e-11
1.15633e-11
1.7941e-11
1.7941e-11
-2.96235e-11
-2.96235e-11
2.09808e-11
2.09808e-11
2.78354e-11
2.78354e-11
-2.79546e-11
-2.79546e-11
4.70877e-12
4.70877e-12
2.98023e-12
2.98023e-12
-1.32918e-11
-1.32918e-11
1.31726e-11
1.31726e-11
1.12057e-11
1.12057e-11
-3.76701e-11
-3.76701e-11
-5.96047e-12
-5.96047e-12
7.15256e-12
7.15256e-12
3.09944e-11
3.09944e-11
-3.14117e-11
-3.14117e-11
5.0664e-12
5.0664e-12
-9.77516e-12
-9.77516e-12
1.50204e-11
1.50204e-11
7.56979e-12
7.56979e-12
1.90735e-11
1.90735e-11
-2.5928e-11
-2.5928e-11
2.92063e-12
2.92063e-12
5.78165e-12
5.78165e-12
2.25306e-11
2.25306e-11
-2.41399e-11
-2.41399e-11
1.34707e-11
1.34707e-11
-3.8147e-11
-3.8147e-11
5.51939e-11
5.51939e-11
-4.05312e-11
-4.05312e-11
6.91414e-12
6.91414e-12
1.78218e-11
1.78218e-11
-5.3823e-11
-5.3823e-11
6.31809e-11
6.31809e-11
-1.46627e-11
-1.46627e-11
2.92659e-11
2.92659e-11
-2.65837e-11
-2.65837e-11
-3.33786e-12
-3.33786e-12
5.54323e-12
5.54323e-12
5.66244e-12
5.66244e-12
-4.41074e-12
-4.41074e-12
1.57952e-11
1.57952e-11
-1.27554e-11
-1.27554e-11
2.21729e-11
2.21729e-11
-2.01464e-11
-2.01464e-11
2.88487e-11
2.88487e-11
-2.80142e-12
-2.80142e-12
-1.2219e-11
-1.2219e-11
-2.21133e-11
-2.21133e-11
2.563e-11
2.563e-11
-1.96099e-11
-1.96099e-11
4.26173e-11
4.26173e-11
6.55651e-13
6.55651e-13
-1.47223e-11
-1.47223e-11
1.90735e-12
1.90735e-12
-1.3113e-11
-1.3113e-11
-3.33786e-12
-3.33786e-12
-6.25849e-12
-6.25849e-12
4.37498e-11
4.37498e-11
-5.72205e-11
-5.72205e-11
3.45707e-11
3.45707e-11
3.27826e-12
3.27826e-12
-2.21133e-11
-2.21133e-11
3.40939e-11
3.40939e-11
-8.64267e-12
-8.64267e-12
-1.8239e-11
-1.8239e-11
2.99215e-11
2.99215e-11
1.54972e-12
1.54972e-12
-1.3113e-11
-1.3113e-11
3.57628e-13
3.57628e-13
-1.66297e-11
-1.66297e-11
3.34382e-11
3.34382e-11
-6.33597e-11
-6.33597e-11
3.54648e-11
3.54648e-11
-2.23517e-11
-2.23517e-11
4.71473e-11
4.71473e-11
-5.6684e-11
-5.6684e-11
2.96831e-11
2.96831e-11
-1.67489e-11
-1.67489e-11
4.33326e-11
4.33326e-11
-5.32866e-11
-5.32866e-11
3.11136e-11
3.11136e-11
-1.90735e-12
-1.90735e-12
-1.07288e-11
-1.07288e-11
-4.94719e-12
-4.94719e-12
-8.9407e-13
-8.9407e-13
-7.09295e-12
-7.09295e-12
3.66569e-11
3.66569e-11
5.00679e-12
5.00679e-12
1.23382e-11
1.23382e-11
-1.95503e-11
-1.95503e-11
-2.32458e-12
-2.32458e-12
1.72257e-11
1.72257e-11
-5.36442e-13
-5.36442e-13
-1.51396e-11
-1.51396e-11
-3.31998e-11
-3.31998e-11
3.99351e-11
3.99351e-11
6.73533e-12
6.73533e-12
-5.72205e-12
-5.72205e-12
-1.12057e-11
-1.12057e-11
1.3113e-11
1.3113e-11
3.09944e-12
3.09944e-12
6.3777e-12
6.3777e-12
-1.19209e-12
-1.19209e-12
-2.20537e-12
-2.20537e-12
-6.25849e-12
-6.25849e-12
1.00732e-11
1.00732e-11
1.23382e-11
1.23382e-11
7.21216e-12
7.21216e-12
-7.7486e-13
-7.7486e-13
2.80142e-11
2.80142e-11
-3.75509e-11
-3.75509e-11
7.51019e-12
7.51019e-12
-8.16584e-12
-8.16584e-12
3.57628e-12
3.57628e-12
1.78218e-11
1.78218e-11
-4.98891e-11
-4.98891e-11
6.84857e-11
6.84857e-11
-8.95858e-11
-8.95858e-11
3.83854e-11
3.83854e-11
-5.126e-11
-5.126e-11
4.80413e-11
4.80413e-11
-4.12464e-11
-4.12464e-11
6.16312e-11
6.16312e-11
-4.56572e-11
-4.56572e-11
4.55976e-11
4.55976e-11
-4.22001e-11
-4.22001e-11
4.67897e-11
4.67897e-11
-2.70009e-11
-2.70009e-11
1.61529e-11
1.61529e-11
3.42727e-11
3.42727e-11
-4.61936e-11
-4.61936e-11
1.508e-11
1.508e-11
1.23382e-11
1.23382e-11
-3.58224e-11
-3.58224e-11
5.90086e-12
5.90086e-12
-1.10269e-11
-1.10269e-11
2.57492e-11
2.57492e-11
-1.90735e-11
-1.90735e-11
1.95503e-11
1.95503e-11
1.85967e-11
1.85967e-11
-2.95043e-11
-2.95043e-11
1.41859e-11
1.41859e-11
2.78354e-11
2.78354e-11
-3.99947e-11
-3.99947e-11
1.12653e-11
1.12653e-11
1.88351e-11
1.88351e-11
-1.84774e-11
-1.84774e-11
1.81198e-11
1.81198e-11
-2.80142e-11
-2.80142e-11
2.87294e-11
2.87294e-11
-4.37498e-11
-4.37498e-11
8.07047e-11
8.07047e-11
-7.96914e-11
-7.96914e-11
8.83937e-11
8.83937e-11
-7.52807e-11
-7.52807e-11
7.50423e-11
7.50423e-11
-8.57115e-11
-8.57115e-11
6.58631e-11
6.58631e-11
-8.67844e-11
-8.67844e-11
6.89626e-11
6.89626e-11
-3.50475e-11
-3.50475e-11
1.04904e-11
1.04904e-11
4.54783e-11
4.54783e-11
-2.86698e-11
-2.86698e-11
1.50204e-11
1.50204e-11
-8.40426e-12
-8.40426e-12
9.95398e-12
9.95398e-12
-2.19345e-11
-2.19345e-11
2.22325e-11
2.22325e-11
-2.18749e-11
-2.18749e-11
1.508e-11
1.508e-11
-2.95043e-11
-2.95043e-11
1.3113e-11
1.3113e-11
-3.98755e-11
-3.98755e-11
6.55055e-11
6.55055e-11
-8.30889e-11
-8.30889e-11
5.60284e-11
5.60284e-11
-3.35574e-11
-3.35574e-11
2.98619e-11
2.98619e-11
-6.97374e-12
-6.97374e-12
2.50936e-11
2.50936e-11
-2.52128e-11
-2.52128e-11
3.53456e-11
3.53456e-11
-1.68085e-11
-1.68085e-11
2.98619e-11
2.98619e-11
-7.45058e-12
-7.45058e-12
-2.98619e-11
-2.98619e-11
4.24981e-11
4.24981e-11
-2.35438e-11
-2.35438e-11
2.69413e-11
2.69413e-11
-1.97291e-11
-1.97291e-11
3.03984e-11
3.03984e-11
7.689e-12
7.689e-12
-8.58307e-12
-8.58307e-12
-1.09077e-11
-1.09077e-11
-2.24113e-11
-2.24113e-11
3.32594e-11
3.32594e-11
-1.19805e-11
-1.19805e-11
-8.34465e-12
-8.34465e-12
-1.07288e-12
-1.07288e-12
-2.98023e-13
-2.98023e-13
8.58307e-12
8.58307e-12
1.78814e-12
1.78814e-12
-2.31266e-11
-2.31266e-11
3.62992e-11
3.62992e-11
-4.78625e-11
-4.78625e-11
2.5034e-11
2.5034e-11
-5.00679e-12
-5.00679e-12
7.39098e-12
7.39098e-12
-1.58548e-11
-1.58548e-11
5.66244e-11
5.66244e-11
-5.34058e-11
-5.34058e-11
2.89679e-11
2.89679e-11
-5.0664e-12
-5.0664e-12
5.36442e-13
5.36442e-13
-5.30481e-12
-5.30481e-12
3.39747e-12
3.39747e-12
-1.01328e-11
-1.01328e-11
8.46386e-12
8.46386e-12
2.68221e-12
2.68221e-12
-5.84126e-12
-5.84126e-12
-1.19209e-12
-1.19209e-12
-4.58956e-12
-4.58956e-12
6.91414e-12
6.91414e-12
-1.90735e-12
-1.90735e-12
-1.3113e-12
-1.3113e-12
-1.5378e-11
-1.5378e-11
-2.98023e-12
-2.98023e-12
-1.21593e-11
-1.21593e-11
3.45707e-11
3.45707e-11
1.03712e-11
1.03712e-11
3.63588e-12
3.63588e-12
8.76188e-12
8.76188e-12
1.40667e-11
1.40667e-11
-5.1558e-11
-5.1558e-11
5.23329e-11
5.23329e-11
-4.38094e-11
-4.38094e-11
5.14388e-11
5.14388e-11
-3.01003e-11
-3.01003e-11
1.46627e-11
1.46627e-11
-5.84126e-12
-5.84126e-12
-1.01328e-11
-1.01328e-11
5.90086e-12
5.90086e-12
1.09077e-11
1.09077e-11
3.8147e-12
3.8147e-12
-3.39747e-12
-3.39747e-12
1.60337e-11
1.60337e-11
-4.31538e-11
-4.31538e-11
5.48363e-11
5.48363e-11
-3.30806e-11
-3.30806e-11
-2.44379e-12
-2.44379e-12
7.7486e-12
7.7486e-12
9.0003e-12
9.0003e-12
-3.89218e-11
-3.89218e-11
5.9247e-11
5.9247e-11
-4.49419e-11
-4.49419e-11
1.5378e-11
1.5378e-11
6.55651e-13
6.55651e-13
-1.03116e-11
-1.03116e-11
1.16229e-11
1.16229e-11
-8.40426e-12
-8.40426e-12
6.25849e-12
6.25849e-12
-8.10623e-12
-8.10623e-12
4.58956e-12
4.58956e-12
1.66893e-12
1.66893e-12
1.49012e-12
1.49012e-12
6.4373e-12
6.4373e-12
1.13845e-11
1.13845e-11
-3.85642e-11
-3.85642e-11
3.03984e-11
3.03984e-11
-5.46575e-11
-5.46575e-11
4.59552e-11
4.59552e-11
-3.54052e-11
-3.54052e-11
6.2108e-11
6.2108e-11
-3.09348e-11
-3.09348e-11
9.17912e-12
9.17912e-12
3.33786e-12
3.33786e-12
7.7486e-12
7.7486e-12
-2.94447e-11
-2.94447e-11
1.07288e-12
1.07288e-12
1.85967e-11
1.85967e-11
-4.54783e-11
-4.54783e-11
4.70281e-11
4.70281e-11
-3.60012e-11
-3.60012e-11
1.35899e-11
1.35899e-11
2.78354e-11
2.78354e-11
-4.05312e-11
-4.05312e-11
4.69089e-11
4.69089e-11
-7.86781e-12
-7.86781e-12
1.50204e-11
1.50204e-11
-2.08616e-11
-2.08616e-11
1.46031e-11
1.46031e-11
-3.23653e-11
-3.23653e-11
2.77758e-11
2.77758e-11
-3.15309e-11
-3.15309e-11
1.78814e-12
1.78814e-12
-6.61612e-12
-6.61612e-12
-6.3777e-12
-6.3777e-12
7.09295e-12
7.09295e-12
1.26362e-11
1.26362e-11
2.55108e-11
2.55108e-11
-3.73721e-11
-3.73721e-11
1.055e-11
1.055e-11
4.23516e-22
4.23516e-22
2.41995e-11
2.41995e-11
-1.46031e-11
-1.46031e-11
1.66297e-11
1.66297e-11
-2.58684e-11
-2.58684e-11
2.04444e-11
2.04444e-11
-3.26037e-11
-3.26037e-11
1.62125e-11
1.62125e-11
2.18749e-11
2.18749e-11
-1.5974e-11
-1.5974e-11
1.35303e-11
1.35303e-11
-1.71065e-11
-1.71065e-11
9.35793e-12
9.35793e-12
-1.32918e-11
-1.32918e-11
1.38879e-11
1.38879e-11
-1.69277e-11
-1.69277e-11
3.12328e-11
3.12328e-11
-1.49608e-11
-1.49608e-11
2.5034e-11
2.5034e-11
-3.95775e-11
-3.95775e-11
2.72989e-11
2.72989e-11
7.21216e-12
7.21216e-12
-1.5974e-11
-1.5974e-11
3.08752e-11
3.08752e-11
-2.40207e-11
-2.40207e-11
3.17097e-11
3.17097e-11
-3.62396e-11
-3.62396e-11
1.57356e-11
1.57356e-11
-1.4782e-11
-1.4782e-11
3.3021e-11
3.3021e-11
6.3777e-12
6.3777e-12
-1.41859e-11
-1.41859e-11
-1.69277e-11
-1.69277e-11
1.64509e-11
1.64509e-11
-1.59144e-11
-1.59144e-11
2.32458e-11
2.32458e-11
-2.3365e-11
-2.3365e-11
3.68357e-11
3.68357e-11
-3.26037e-11
-3.26037e-11
4.83394e-11
4.83394e-11
-4.24385e-11
-4.24385e-11
3.5882e-11
3.5882e-11
-7.14064e-11
-7.14064e-11
7.08103e-11
7.08103e-11
-6.77705e-11
-6.77705e-11
3.06368e-11
3.06368e-11
-1.23382e-11
-1.23382e-11
2.06232e-11
2.06232e-11
-1.33514e-11
-1.33514e-11
3.93391e-11
3.93391e-11
-4.78029e-11
-4.78029e-11
3.48091e-11
3.48091e-11
-5.36442e-12
-5.36442e-12
-1.62721e-11
-1.62721e-11
4.10676e-11
4.10676e-11
-7.47442e-11
-7.47442e-11
9.13143e-11
9.13143e-11
-5.99027e-11
-5.99027e-11
4.24981e-11
4.24981e-11
-6.65784e-11
-6.65784e-11
4.14848e-11
4.14848e-11
-9.65595e-12
-9.65595e-12
-6.91414e-12
-6.91414e-12
-1.66297e-11
-1.66297e-11
4.66108e-11
4.66108e-11
-5.9545e-11
-5.9545e-11
3.82662e-11
3.82662e-11
-1.53184e-11
-1.53184e-11
1.44839e-11
1.44839e-11
-2.73585e-11
-2.73585e-11
3.24249e-11
3.24249e-11
-1.65701e-11
-1.65701e-11
4.2975e-11
4.2975e-11
-5.34058e-11
-5.34058e-11
3.55244e-11
3.55244e-11
-9.89437e-12
-9.89437e-12
1.37091e-12
1.37091e-12
-2.80142e-12
-2.80142e-12
4.23193e-12
4.23193e-12
-1.4782e-11
-1.4782e-11
4.1306e-11
4.1306e-11
-6.76513e-11
-6.76513e-11
3.74913e-11
3.74913e-11
-3.33786e-12
-3.33786e-12
-2.563e-12
-2.563e-12
2.80142e-12
2.80142e-12
1.57952e-11
1.57952e-11
-1.21593e-11
-1.21593e-11
2.26498e-12
2.26498e-12
-4.29153e-12
-4.29153e-12
1.43647e-11
1.43647e-11
-9.11951e-12
-9.11951e-12
-8.34465e-12
-8.34465e-12
-2.02656e-12
-2.02656e-12
-1.2815e-11
-1.2815e-11
2.93255e-11
2.93255e-11
-1.55568e-11
-1.55568e-11
2.09808e-11
2.09808e-11
1.23978e-11
1.23978e-11
1.19805e-11
1.19805e-11
6.02007e-12
6.02007e-12
6.02007e-12
6.02007e-12
-6.97374e-12
-6.97374e-12
5.60284e-12
5.60284e-12
-7.51019e-12
-7.51019e-12
7.15256e-12
7.15256e-12
1.21593e-11
1.21593e-11
-6.47307e-11
-6.47307e-11
4.34518e-11
4.34518e-11
-4.13656e-11
-4.13656e-11
5.45979e-11
5.45979e-11
-2.75373e-11
-2.75373e-11
-1.96695e-12
-1.96695e-12
2.98023e-12
2.98023e-12
4.94719e-12
4.94719e-12
-7.21216e-12
-7.21216e-12
5.90086e-12
5.90086e-12
2.32458e-12
2.32458e-12
2.38419e-12
2.38419e-12
2.52128e-11
2.52128e-11
-4.05908e-11
-4.05908e-11
1.84774e-11
1.84774e-11
1.01924e-11
1.01924e-11
-3.53456e-11
-3.53456e-11
-3.93391e-12
-3.93391e-12
1.49012e-12
1.49012e-12
5.96047e-12
5.96047e-12
1.40667e-11
1.40667e-11
1.18017e-11
1.18017e-11
2.02656e-11
2.02656e-11
-3.23653e-11
-3.23653e-11
1.95503e-11
1.95503e-11
-3.55244e-11
-3.55244e-11
2.50936e-11
2.50936e-11
-3.77297e-11
-3.77297e-11
4.64916e-11
4.64916e-11
-2.97427e-11
-2.97427e-11
-5.00679e-12
-5.00679e-12
2.54512e-11
2.54512e-11
-2.95639e-11
-2.95639e-11
-9.65595e-12
-9.65595e-12
2.51532e-11
2.51532e-11
2.90275e-11
2.90275e-11
-4.33922e-11
-4.33922e-11
5.31673e-11
5.31673e-11
-3.618e-11
-3.618e-11
4.35114e-12
4.35114e-12
1.65701e-11
1.65701e-11
-4.02331e-11
-4.02331e-11
6.52671e-11
6.52671e-11
-3.3915e-11
-3.3915e-11
1.77622e-11
1.77622e-11
-3.27826e-11
-3.27826e-11
2.49147e-11
2.49147e-11
-4.43459e-11
-4.43459e-11
7.25985e-11
7.25985e-11
-7.53403e-11
-7.53403e-11
5.8949e-11
5.8949e-11
-2.18153e-11
-2.18153e-11
3.8743e-12
3.8743e-12
1.96099e-11
1.96099e-11
-3.38554e-11
-3.38554e-11
1.63913e-11
1.63913e-11
-3.08752e-11
-3.08752e-11
1.85967e-11
1.85967e-11
1.56164e-11
1.56164e-11
-4.4167e-11
-4.4167e-11
6.34193e-11
6.34193e-11
-1.96695e-11
-1.96695e-11
3.3915e-11
3.3915e-11
-2.14577e-11
-2.14577e-11
5.96047e-13
5.96047e-13
-2.26498e-11
-2.26498e-11
1.41859e-11
1.41859e-11
-4.55976e-11
-4.55976e-11
5.54919e-11
5.54919e-11
-3.34978e-11
-3.34978e-11
1.75834e-11
1.75834e-11
-2.13981e-11
-2.13981e-11
2.35438e-11
2.35438e-11
-3.41535e-11
-3.41535e-11
2.41399e-11
2.41399e-11
-2.80142e-11
-2.80142e-11
2.30074e-11
2.30074e-11
2.90275e-11
2.90275e-11
-2.98619e-11
-2.98619e-11
2.13385e-11
2.13385e-11
-2.6226e-11
-2.6226e-11
1.67489e-11
1.67489e-11
-2.52128e-11
-2.52128e-11
4.07696e-11
4.07696e-11
-2.48551e-11
-2.48551e-11
2.70009e-11
2.70009e-11
-2.7597e-11
-2.7597e-11
1.4782e-11
1.4782e-11
-2.30074e-11
-2.30074e-11
1.9908e-11
1.9908e-11
-9.41753e-12
-9.41753e-12
2.26498e-12
2.26498e-12
2.99215e-11
2.99215e-11
-2.78354e-11
-2.78354e-11
3.02196e-11
3.02196e-11
-2.59876e-11
-2.59876e-11
4.14252e-11
4.14252e-11
-2.39015e-11
-2.39015e-11
1.74046e-11
1.74046e-11
-1.5676e-11
-1.5676e-11
-1.19209e-12
-1.19209e-12
-2.61068e-11
-2.61068e-11
1.37687e-11
1.37687e-11
-3.08752e-11
-3.08752e-11
3.80278e-11
3.80278e-11
-2.21729e-11
-2.21729e-11
2.45571e-11
2.45571e-11
-1.96099e-11
-1.96099e-11
3.32594e-11
3.32594e-11
-5.48363e-12
-5.48363e-12
-1.41263e-11
-1.41263e-11
3.11136e-11
3.11136e-11
-2.31862e-11
-2.31862e-11
2.27094e-11
2.27094e-11
-3.7849e-11
-3.7849e-11
3.58224e-11
3.58224e-11
-1.42455e-11
-1.42455e-11
4.30346e-11
4.30346e-11
-7.6592e-11
-7.6592e-11
5.84722e-11
5.84722e-11
-5.6684e-11
-5.6684e-11
3.3021e-11
3.3021e-11
-2.20537e-11
-2.20537e-11
1.42455e-11
1.42455e-11
3.03984e-12
3.03984e-12
-8.04663e-12
-8.04663e-12
5.13196e-11
5.13196e-11
-4.41074e-11
-4.41074e-11
4.23789e-11
4.23789e-11
-3.73125e-11
-3.73125e-11
4.30346e-11
4.30346e-11
-5.42998e-11
-5.42998e-11
1.94311e-11
1.94311e-11
-2.22325e-11
-2.22325e-11
1.51992e-11
1.51992e-11
-1.72853e-11
-1.72853e-11
2.77162e-11
2.77162e-11
-1.32918e-11
-1.32918e-11
4.96507e-11
4.96507e-11
-4.61936e-11
-4.61936e-11
2.51532e-11
2.51532e-11
-2.18749e-11
-2.18749e-11
3.46899e-11
3.46899e-11
-6.30617e-11
-6.30617e-11
3.21269e-11
3.21269e-11
-1.14441e-11
-1.14441e-11
2.58684e-11
2.58684e-11
-2.5928e-11
-2.5928e-11
3.24845e-11
3.24845e-11
-1.96099e-11
-1.96099e-11
-4.05312e-12
-4.05312e-12
-3.8743e-12
-3.8743e-12
-5.126e-12
-5.126e-12
-1.01924e-11
-1.01924e-11
4.5538e-11
4.5538e-11
-4.01139e-11
-4.01139e-11
3.01003e-11
3.01003e-11
1.62125e-11
1.62125e-11
-1.2517e-11
-1.2517e-11
-2.2471e-11
-2.2471e-11
2.90275e-11
2.90275e-11
-1.72257e-11
-1.72257e-11
-1.91927e-11
-1.91927e-11
3.79086e-11
3.79086e-11
-5.0962e-11
-5.0962e-11
5.31673e-11
5.31673e-11
-3.64184e-11
-3.64184e-11
4.79817e-11
4.79817e-11
-5.75781e-11
-5.75781e-11
2.97427e-11
2.97427e-11
-3.09944e-12
-3.09944e-12
4.17233e-13
4.17233e-13
-4.94719e-12
-4.94719e-12
1.86563e-11
1.86563e-11
-8.52347e-12
-8.52347e-12
-2.26498e-12
-2.26498e-12
2.14577e-12
2.14577e-12
4.52995e-12
4.52995e-12
-8.10623e-12
-8.10623e-12
-7.09295e-12
-7.09295e-12
5.48363e-12
5.48363e-12
-1.52588e-11
-1.52588e-11
3.43919e-11
3.43919e-11
-5.62072e-11
-5.62072e-11
4.39286e-11
4.39286e-11
-1.01328e-12
-1.01328e-12
-5.36442e-13
-5.36442e-13
1.89543e-11
1.89543e-11
5.1856e-12
5.1856e-12
-9.77516e-12
-9.77516e-12
-1.10269e-11
-1.10269e-11
2.38419e-12
2.38419e-12
4.23193e-12
4.23193e-12
-1.07884e-11
-1.07884e-11
-1.60933e-12
-1.60933e-12
2.14577e-12
2.14577e-12
-8.04663e-12
-8.04663e-12
-8.34465e-13
-8.34465e-13
1.16825e-11
1.16825e-11
1.19209e-13
1.19209e-13
1.60933e-12
1.60933e-12
1.66893e-11
1.66893e-11
-5.96047e-12
-5.96047e-12
-1.03116e-11
-1.03116e-11
-1.4782e-11
-1.4782e-11
-1.49012e-12
-1.49012e-12
1.01328e-11
1.01328e-11
-1.01328e-11
-1.01328e-11
-1.75834e-11
-1.75834e-11
3.70741e-11
3.70741e-11
9.23872e-12
9.23872e-12
1.2219e-11
1.2219e-11
2.32458e-12
2.32458e-12
-1.19209e-12
-1.19209e-12
-4.76837e-13
-4.76837e-13
9.41753e-12
9.41753e-12
-5.36442e-11
-5.36442e-11
3.96371e-11
3.96371e-11
-3.0458e-11
-3.0458e-11
3.62992e-11
3.62992e-11
-3.67761e-11
-3.67761e-11
5.23925e-11
5.23925e-11
-2.96235e-11
-2.96235e-11
8.76188e-12
8.76188e-12
2.03252e-11
2.03252e-11
-4.10676e-11
-4.10676e-11
3.79682e-11
3.79682e-11
-5.05447e-11
-5.05447e-11
4.69089e-11
4.69089e-11
-3.76105e-11
-3.76105e-11
7.20024e-11
7.20024e-11
-6.4075e-11
-6.4075e-11
6.27041e-11
6.27041e-11
-7.43866e-11
-7.43866e-11
6.44922e-11
6.44922e-11
-3.3319e-11
-3.3319e-11
1.87755e-11
1.87755e-11
-3.06368e-11
-3.06368e-11
-9.53674e-13
-9.53674e-13
1.36495e-11
1.36495e-11
3.72529e-11
3.72529e-11
-3.06368e-11
-3.06368e-11
1.36495e-11
1.36495e-11
-4.70281e-11
-4.70281e-11
5.579e-11
5.579e-11
-4.03523e-11
-4.03523e-11
1.18017e-11
1.18017e-11
-1.96695e-12
-1.96695e-12
-1.26362e-11
-1.26362e-11
1.99676e-11
1.99676e-11
-2.77162e-11
-2.77162e-11
5.00679e-12
5.00679e-12
1.17421e-11
1.17421e-11
5.24521e-12
5.24521e-12
-7.15256e-13
-7.15256e-13
1.01328e-12
1.01328e-12
1.11461e-11
1.11461e-11
-5.40614e-11
-5.40614e-11
6.13928e-11
6.13928e-11
-2.92063e-11
-2.92063e-11
1.7345e-11
1.7345e-11
-3.45707e-12
-3.45707e-12
2.22325e-11
2.22325e-11
-3.50475e-11
-3.50475e-11
1.85967e-11
1.85967e-11
-3.39747e-11
-3.39747e-11
7.689e-12
7.689e-12
6.91414e-12
6.91414e-12
8.22544e-12
8.22544e-12
1.60933e-11
1.60933e-11
-4.98295e-11
-4.98295e-11
6.37174e-11
6.37174e-11
-2.47955e-11
-2.47955e-11
2.51532e-11
2.51532e-11
-3.18885e-11
-3.18885e-11
-3.27826e-12
-3.27826e-12
2.32458e-11
2.32458e-11
-3.24249e-11
-3.24249e-11
1.88947e-11
1.88947e-11
-2.39611e-11
-2.39611e-11
5.0664e-12
5.0664e-12
6.91414e-12
6.91414e-12
1.35303e-11
1.35303e-11
-4.52399e-11
-4.52399e-11
4.69089e-11
4.69089e-11
-3.43323e-11
-3.43323e-11
9.83477e-12
9.83477e-12
2.72989e-11
2.72989e-11
-2.58088e-11
-2.58088e-11
5.42402e-12
5.42402e-12
2.2769e-11
2.2769e-11
-3.19481e-11
-3.19481e-11
5.36442e-13
5.36442e-13
7.86781e-12
7.86781e-12
2.02656e-11
2.02656e-11
-4.1008e-11
-4.1008e-11
5.54919e-11
5.54919e-11
-5.05447e-11
-5.05447e-11
5.00083e-11
5.00083e-11
-3.5286e-11
-3.5286e-11
1.66297e-11
1.66297e-11
-3.8147e-11
-3.8147e-11
6.41346e-11
6.41346e-11
-3.31998e-11
-3.31998e-11
1.52588e-11
1.52588e-11
-1.23978e-11
-1.23978e-11
2.47955e-11
2.47955e-11
-2.76566e-11
-2.76566e-11
5.36442e-13
5.36442e-13
1.48416e-11
1.48416e-11
-3.14713e-11
-3.14713e-11
1.29342e-11
1.29342e-11
7.56979e-12
7.56979e-12
3.73721e-11
3.73721e-11
-3.3021e-11
-3.3021e-11
8.58307e-12
8.58307e-12
-3.47495e-11
-3.47495e-11
1.72853e-11
1.72853e-11
9.11951e-12
9.11951e-12
1.58548e-11
1.58548e-11
-3.70741e-11
-3.70741e-11
1.40071e-11
1.40071e-11
8.28505e-12
8.28505e-12
3.21865e-11
3.21865e-11
-1.99676e-11
-1.99676e-11
2.69413e-11
2.69413e-11
-1.87755e-11
-1.87755e-11
3.11732e-11
3.11732e-11
-1.44243e-11
-1.44243e-11
-1.67489e-11
-1.67489e-11
2.95043e-11
2.95043e-11
-2.46763e-11
-2.46763e-11
4.14848e-11
4.14848e-11
-5.87106e-11
-5.87106e-11
3.52263e-11
3.52263e-11
-2.8193e-11
-2.8193e-11
1.72257e-11
1.72257e-11
-1.88351e-11
-1.88351e-11
7.56979e-12
7.56979e-12
-1.78218e-11
-1.78218e-11
2.45571e-11
2.45571e-11
-2.5034e-11
-2.5034e-11
1.15633e-11
1.15633e-11
-2.48551e-11
-2.48551e-11
3.72529e-11
3.72529e-11
-2.3067e-11
-2.3067e-11
1.0252e-11
1.0252e-11
-1.49012e-11
-1.49012e-11
4.69089e-11
4.69089e-11
-1.66297e-11
-1.66297e-11
-3.03984e-11
-3.03984e-11
2.37227e-11
2.37227e-11
-2.43187e-11
-2.43187e-11
1.62721e-11
1.62721e-11
-2.06828e-11
-2.06828e-11
3.19481e-11
3.19481e-11
1.43051e-12
1.43051e-12
-1.81198e-11
-1.81198e-11
1.78814e-11
1.78814e-11
-2.80142e-12
-2.80142e-12
-1.65701e-11
-1.65701e-11
4.01735e-11
4.01735e-11
-2.13385e-11
-2.13385e-11
1.65105e-11
1.65105e-11
1.66893e-12
1.66893e-12
-1.61529e-11
-1.61529e-11
-2.47359e-11
-2.47359e-11
3.3021e-11
3.3021e-11
-2.62857e-11
-2.62857e-11
5.72205e-12
5.72205e-12
3.57628e-12
3.57628e-12
-1.14441e-11
-1.14441e-11
3.8743e-11
3.8743e-11
-1.87159e-11
-1.87159e-11
2.45571e-11
2.45571e-11
-7.09295e-12
-7.09295e-12
-3.50475e-11
-3.50475e-11
3.83854e-11
3.83854e-11
-1.96099e-11
-1.96099e-11
3.83854e-11
3.83854e-11
-6.1512e-11
-6.1512e-11
4.20809e-11
4.20809e-11
-1.60933e-12
-1.60933e-12
-1.81794e-11
-1.81794e-11
5.20349e-11
5.20349e-11
-6.20484e-11
-6.20484e-11
4.42863e-11
4.42863e-11
-5.44787e-11
-5.44787e-11
3.35574e-11
3.35574e-11
-3.27826e-12
-3.27826e-12
-2.80738e-11
-2.80738e-11
2.8193e-11
2.8193e-11
-1.58548e-11
-1.58548e-11
3.3617e-11
3.3617e-11
-2.83122e-11
-2.83122e-11
2.47359e-11
2.47359e-11
2.563e-12
2.563e-12
-1.90735e-12
-1.90735e-12
-1.03712e-11
-1.03712e-11
-1.64509e-11
-1.64509e-11
4.54187e-11
4.54187e-11
-4.1306e-11
-4.1306e-11
4.08292e-11
4.08292e-11
-5.22733e-11
-5.22733e-11
3.6478e-11
3.6478e-11
1.43051e-12
1.43051e-12
-2.53916e-11
-2.53916e-11
3.73721e-11
3.73721e-11
-6.12736e-11
-6.12736e-11
4.23193e-11
4.23193e-11
-3.03984e-11
-3.03984e-11
3.99351e-11
3.99351e-11
-3.40939e-11
-3.40939e-11
5.26309e-11
5.26309e-11
-4.0412e-11
-4.0412e-11
4.26769e-11
4.26769e-11
-5.45383e-11
-5.45383e-11
4.69685e-11
4.69685e-11
-4.60744e-11
-4.60744e-11
4.08292e-11
4.08292e-11
-4.79817e-11
-4.79817e-11
3.65377e-11
3.65377e-11
-5.96047e-12
-5.96047e-12
1.13845e-11
1.13845e-11
1.22786e-11
1.22786e-11
4.47035e-12
4.47035e-12
-1.72853e-12
-1.72853e-12
1.2815e-11
1.2815e-11
-5.71609e-11
-5.71609e-11
3.31402e-11
3.31402e-11
-4.39882e-11
-4.39882e-11
3.46899e-11
3.46899e-11
-6.67572e-12
-6.67572e-12
3.8743e-12
3.8743e-12
3.51667e-12
3.51667e-12
-1.58548e-11
-1.58548e-11
-9.23872e-12
-9.23872e-12
-8.64267e-12
-8.64267e-12
-2.38419e-12
-2.38419e-12
-4.29153e-12
-4.29153e-12
9.53674e-13
9.53674e-13
6.67572e-12
6.67572e-12
4.52995e-12
4.52995e-12
9.65595e-12
9.65595e-12
5.126e-12
5.126e-12
3.69549e-12
3.69549e-12
-1.46031e-11
-1.46031e-11
-1.35303e-11
-1.35303e-11
5.50151e-11
5.50151e-11
-6.76513e-11
-6.76513e-11
4.1604e-11
4.1604e-11
-2.98023e-13
-2.98023e-13
-2.563e-12
-2.563e-12
-7.689e-12
-7.689e-12
6.61612e-12
6.61612e-12
-1.19805e-11
-1.19805e-11
-1.0252e-11
-1.0252e-11
-1.12057e-11
-1.12057e-11
5.29885e-11
5.29885e-11
-2.92659e-11
-2.92659e-11
3.68357e-11
3.68357e-11
-2.24113e-11
-2.24113e-11
1.01924e-11
1.01924e-11
1.01924e-11
1.01924e-11
-1.87755e-11
-1.87755e-11
5.1856e-12
5.1856e-12
-1.07288e-12
-1.07288e-12
2.74181e-12
2.74181e-12
5.0664e-12
5.0664e-12
4.35114e-12
4.35114e-12
-6.19888e-12
-6.19888e-12
-5.72205e-12
-5.72205e-12
-7.86781e-12
-7.86781e-12
-8.9407e-13
-8.9407e-13
-1.96695e-12
-1.96695e-12
1.94311e-11
1.94311e-11
4.35114e-12
4.35114e-12
1.7941e-11
1.7941e-11
-5.78165e-11
-5.78165e-11
3.6478e-11
3.6478e-11
-5.91278e-11
-5.91278e-11
6.74129e-11
6.74129e-11
-5.38826e-11
-5.38826e-11
2.47955e-11
2.47955e-11
-6.4373e-12
-6.4373e-12
-5.48363e-12
-5.48363e-12
3.33786e-12
3.33786e-12
-9.17912e-12
-9.17912e-12
-2.08616e-12
-2.08616e-12
7.27177e-12
7.27177e-12
5.24521e-12
5.24521e-12
-3.27826e-12
-3.27826e-12
1.16825e-11
1.16825e-11
4.94719e-12
4.94719e-12
7.09295e-12
7.09295e-12
-6.25849e-12
-6.25849e-12
4.17233e-13
4.17233e-13
7.45058e-12
7.45058e-12
1.94311e-11
1.94311e-11
-3.05772e-11
-3.05772e-11
4.05312e-12
4.05312e-12
3.39747e-12
3.39747e-12
1.03116e-11
1.03116e-11
7.15256e-12
7.15256e-12
1.2517e-12
1.2517e-12
2.21729e-11
2.21729e-11
-3.83258e-11
-3.83258e-11
4.41074e-12
4.41074e-12
-4.17233e-12
-4.17233e-12
5.66244e-12
5.66244e-12
1.07884e-11
1.07884e-11
2.563e-12
2.563e-12
-7.98702e-12
-7.98702e-12
-7.80821e-12
-7.80821e-12
-1.7941e-11
-1.7941e-11
1.21593e-11
1.21593e-11
-6.55651e-13
-6.55651e-13
2.19345e-11
2.19345e-11
-5.54323e-11
-5.54323e-11
5.04851e-11
5.04851e-11
-3.51667e-11
-3.51667e-11
6.81281e-11
6.81281e-11
-1.56164e-11
-1.56164e-11
-5.96047e-14
-5.96047e-14
1.18613e-11
1.18613e-11
-2.37227e-11
-2.37227e-11
-6.79493e-12
-6.79493e-12
1.97291e-11
1.97291e-11
-2.40803e-11
-2.40803e-11
1.10865e-11
1.10865e-11
2.12193e-11
2.12193e-11
-2.67029e-11
-2.67029e-11
2.44379e-12
2.44379e-12
1.91331e-11
1.91331e-11
-2.6226e-11
-2.6226e-11
6.07967e-12
6.07967e-12
1.86563e-11
1.86563e-11
-3.23653e-11
-3.23653e-11
1.49012e-11
1.49012e-11
1.06692e-11
1.06692e-11
-3.11732e-11
-3.11732e-11
1.54972e-11
1.54972e-11
9.47714e-12
9.47714e-12
1.44839e-11
1.44839e-11
-3.56436e-11
-3.56436e-11
1.17421e-11
1.17421e-11
1.26958e-11
1.26958e-11
1.51992e-11
1.51992e-11
-2.15769e-11
-2.15769e-11
-4.64916e-12
-4.64916e-12
1.01328e-12
1.01328e-12
3.99351e-12
3.99351e-12
1.97291e-11
1.97291e-11
-4.67897e-11
-4.67897e-11
5.46575e-11
5.46575e-11
-3.17097e-11
-3.17097e-11
6.55651e-13
6.55651e-13
2.18749e-11
2.18749e-11
-4.1306e-11
-4.1306e-11
8.40426e-12
8.40426e-12
8.34465e-12
8.34465e-12
7.7486e-13
7.7486e-13
-1.72853e-12
-1.72853e-12
1.55568e-11
1.55568e-11
-2.55704e-11
-2.55704e-11
1.75834e-11
1.75834e-11
-6.55651e-13
-6.55651e-13
1.35303e-11
1.35303e-11
-4.36306e-11
-4.36306e-11
5.98431e-11
5.98431e-11
-3.34978e-11
-3.34978e-11
2.44379e-12
2.44379e-12
7.6294e-12
7.6294e-12
1.64509e-11
1.64509e-11
-3.95179e-11
-3.95179e-11
1.8239e-11
1.8239e-11
-3.016e-11
-3.016e-11
1.49012e-12
1.49012e-12
1.44243e-11
1.44243e-11
2.32458e-11
2.32458e-11
-2.5332e-11
-2.5332e-11
2.07424e-11
2.07424e-11
-3.51667e-11
-3.51667e-11
4.83394e-11
4.83394e-11
-3.70145e-11
-3.70145e-11
1.71065e-11
1.71065e-11
2.38419e-11
2.38419e-11
-2.74181e-11
-2.74181e-11
1.63317e-11
1.63317e-11
-2.08616e-11
-2.08616e-11
1.75238e-11
1.75238e-11
-3.77297e-11
-3.77297e-11
8.73804e-11
8.73804e-11
-6.17504e-11
-6.17504e-11
7.05123e-11
7.05123e-11
-6.35982e-11
-6.35982e-11
2.13981e-11
2.13981e-11
-1.25766e-11
-1.25766e-11
1.14441e-11
1.14441e-11
-3.52263e-11
-3.52263e-11
1.24574e-11
1.24574e-11
1.3411e-11
1.3411e-11
-3.3617e-11
-3.3617e-11
-4.17233e-13
-4.17233e-13
2.06232e-11
2.06232e-11
-1.37091e-11
-1.37091e-11
1.62125e-11
1.62125e-11
-2.67029e-11
-2.67029e-11
2.69413e-11
2.69413e-11
-2.44379e-11
-2.44379e-11
2.05636e-11
2.05636e-11
-3.618e-11
-3.618e-11
7.56383e-11
7.56383e-11
-7.65324e-11
-7.65324e-11
6.50287e-11
6.50287e-11
-3.93391e-11
-3.93391e-11
2.62857e-11
2.62857e-11
-3.68953e-11
-3.68953e-11
2.19345e-11
2.19345e-11
-3.41535e-11
-3.41535e-11
6.16908e-11
6.16908e-11
-1.63317e-11
-1.63317e-11
9.41753e-12
9.41753e-12
-2.86102e-11
-2.86102e-11
3.39747e-12
3.39747e-12
2.0504e-11
2.0504e-11
-3.016e-11
-3.016e-11
2.11e-11
2.11e-11
-2.68817e-11
-2.68817e-11
2.11597e-11
2.11597e-11
-1.84774e-11
-1.84774e-11
1.09673e-11
1.09673e-11
3.12328e-11
3.12328e-11
-3.3915e-11
-3.3915e-11
1.23382e-11
1.23382e-11
3.8743e-12
3.8743e-12
1.09673e-11
1.09673e-11
-2.67625e-11
-2.67625e-11
2.71201e-11
2.71201e-11
-3.39747e-11
-3.39747e-11
7.33137e-12
7.33137e-12
2.71797e-11
2.71797e-11
-5.02467e-11
-5.02467e-11
5.05447e-11
5.05447e-11
-1.40667e-11
-1.40667e-11
1.68681e-11
1.68681e-11
-1.46627e-11
-1.46627e-11
3.27826e-11
3.27826e-11
-3.71933e-11
-3.71933e-11
1.48416e-11
1.48416e-11
-1.44243e-11
-1.44243e-11
2.29478e-11
2.29478e-11
-4.20213e-11
-4.20213e-11
2.13981e-11
2.13981e-11
-2.89083e-11
-2.89083e-11
2.16961e-11
2.16961e-11
-2.35438e-11
-2.35438e-11
3.18289e-11
3.18289e-11
-2.47955e-11
-2.47955e-11
2.72989e-11
2.72989e-11
-2.45571e-11
-2.45571e-11
2.48551e-11
2.48551e-11
-1.34707e-11
-1.34707e-11
2.65241e-11
2.65241e-11
-2.3663e-11
-2.3663e-11
6.02007e-12
6.02007e-12
1.75834e-11
1.75834e-11
-1.42455e-11
-1.42455e-11
3.74317e-11
3.74317e-11
-1.72257e-11
-1.72257e-11
2.97427e-11
2.97427e-11
-2.07424e-11
-2.07424e-11
4.11272e-12
4.11272e-12
-2.7895e-11
-2.7895e-11
1.89543e-11
1.89543e-11
-4.76837e-12
-4.76837e-12
-2.86102e-11
-2.86102e-11
1.40071e-11
1.40071e-11
-1.67489e-11
-1.67489e-11
2.52128e-11
2.52128e-11
-9.35793e-12
-9.35793e-12
2.03252e-11
2.03252e-11
-1.5676e-11
-1.5676e-11
3.016e-11
3.016e-11
-1.93119e-11
-1.93119e-11
2.05636e-11
2.05636e-11
-1.66893e-11
-1.66893e-11
2.2471e-11
2.2471e-11
-3.0756e-11
-3.0756e-11
1.15633e-11
1.15633e-11
-2.89083e-11
-2.89083e-11
1.31726e-11
1.31726e-11
-2.14577e-12
-2.14577e-12
1.8537e-11
1.8537e-11
-2.70009e-11
-2.70009e-11
2.13385e-11
2.13385e-11
-2.91467e-11
-2.91467e-11
2.8789e-11
2.8789e-11
-3.31998e-11
-3.31998e-11
1.83582e-11
1.83582e-11
-2.93851e-11
-2.93851e-11
2.7895e-11
2.7895e-11
-2.11597e-11
-2.11597e-11
3.31402e-11
3.31402e-11
-2.47359e-11
-2.47359e-11
1.88947e-11
1.88947e-11
-7.21216e-12
-7.21216e-12
3.11136e-11
3.11136e-11
-2.80142e-12
-2.80142e-12
-2.22921e-11
-2.22921e-11
1.92523e-11
1.92523e-11
-3.03984e-12
-3.03984e-12
-2.77758e-11
-2.77758e-11
2.46167e-11
2.46167e-11
-2.35438e-11
-2.35438e-11
3.26037e-11
3.26037e-11
-1.47223e-11
-1.47223e-11
4.59552e-11
4.59552e-11
-7.15852e-11
-7.15852e-11
8.24332e-11
8.24332e-11
-4.8995e-11
-4.8995e-11
3.77297e-11
3.77297e-11
-5.80549e-11
-5.80549e-11
4.38094e-11
4.38094e-11
-7.51019e-12
-7.51019e-12
1.93119e-11
1.93119e-11
-1.37687e-11
-1.37687e-11
-9.29833e-12
-9.29833e-12
-6.91414e-12
-6.91414e-12
-6.4373e-12
-6.4373e-12
-7.45058e-12
-7.45058e-12
3.06964e-11
3.06964e-11
-3.09944e-12
-3.09944e-12
-3.93391e-12
-3.93391e-12
-2.29478e-11
-2.29478e-11
2.47359e-11
2.47359e-11
2.74181e-12
2.74181e-12
-2.23517e-11
-2.23517e-11
2.62857e-11
2.62857e-11
-1.37687e-11
-1.37687e-11
-2.17557e-11
-2.17557e-11
3.55244e-11
3.55244e-11
-2.15769e-11
-2.15769e-11
3.21269e-11
3.21269e-11
-7.92742e-12
-7.92742e-12
-1.78218e-11
-1.78218e-11
-1.00136e-11
-1.00136e-11
-1.15633e-11
-1.15633e-11
3.28422e-11
3.28422e-11
-1.508e-11
-1.508e-11
-2.13981e-11
-2.13981e-11
2.65837e-11
2.65837e-11
-7.39098e-12
-7.39098e-12
-2.05636e-11
-2.05636e-11
4.07696e-11
4.07696e-11
-1.22786e-11
-1.22786e-11
-9.17912e-12
-9.17912e-12
-2.02656e-11
-2.02656e-11
2.0206e-11
2.0206e-11
-4.47035e-12
-4.47035e-12
-1.23382e-11
-1.23382e-11
3.63588e-11
3.63588e-11
-7.7486e-13
-7.7486e-13
-1.71065e-11
-1.71065e-11
3.71933e-11
3.71933e-11
-5.20349e-11
-5.20349e-11
1.75238e-11
1.75238e-11
-1.96695e-11
-1.96695e-11
2.51532e-11
2.51532e-11
-1.23978e-11
-1.23978e-11
-1.96695e-12
-1.96695e-12
-1.3113e-12
-1.3113e-12
8.22544e-12
8.22544e-12
-1.41859e-11
-1.41859e-11
1.75238e-11
1.75238e-11
-8.76188e-12
-8.76188e-12
-2.95043e-11
-2.95043e-11
2.19941e-11
2.19941e-11
-1.80602e-11
-1.80602e-11
3.43323e-11
3.43323e-11
-3.15905e-11
-3.15905e-11
1.74046e-11
1.74046e-11
-1.3113e-11
-1.3113e-11
4.50611e-11
4.50611e-11
-4.80413e-11
-4.80413e-11
2.65837e-11
2.65837e-11
-9.83477e-12
-9.83477e-12
1.75238e-11
1.75238e-11
-4.071e-11
-4.071e-11
3.14713e-11
3.14713e-11
-8.58307e-12
-8.58307e-12
1.86563e-11
1.86563e-11
-2.05636e-11
-2.05636e-11
2.18153e-11
2.18153e-11
-1.34707e-11
-1.34707e-11
-1.49012e-12
-1.49012e-12
7.51019e-12
7.51019e-12
1.84774e-12
1.84774e-12
-1.03712e-11
-1.03712e-11
-5.48363e-12
-5.48363e-12
-1.07884e-11
-1.07884e-11
3.55244e-11
3.55244e-11
-2.93255e-11
-2.93255e-11
4.1306e-11
4.1306e-11
-4.80413e-11
-4.80413e-11
5.1558e-11
5.1558e-11
-5.01871e-11
-5.01871e-11
2.72393e-11
2.72393e-11
-3.37958e-11
-3.37958e-11
2.70605e-11
2.70605e-11
-1.60933e-11
-1.60933e-11
3.47495e-11
3.47495e-11
-8.04663e-12
-8.04663e-12
-2.98023e-12
-2.98023e-12
-6.55651e-12
-6.55651e-12
2.38419e-13
2.38419e-13
-2.5332e-11
-2.5332e-11
4.04716e-11
4.04716e-11
-2.14577e-11
-2.14577e-11
1.90735e-11
1.90735e-11
1.84774e-12
1.84774e-12
-2.5034e-11
-2.5034e-11
2.84314e-11
2.84314e-11
-1.2219e-11
-1.2219e-11
-1.96695e-12
-1.96695e-12
-2.38419e-13
-2.38419e-13
-1.52588e-11
-1.52588e-11
5.10216e-11
5.10216e-11
-5.20349e-11
-5.20349e-11
3.34978e-11
3.34978e-11
-2.98023e-13
-2.98023e-13
-5.36442e-12
-5.36442e-12
7.92742e-12
7.92742e-12
-1.15633e-11
-1.15633e-11
-1.19805e-11
-1.19805e-11
-1.03116e-11
-1.03116e-11
3.43323e-11
3.43323e-11
-1.54972e-12
-1.54972e-12
-2.86102e-12
-2.86102e-12
-6.61612e-12
-6.61612e-12
7.7486e-13
7.7486e-13
2.26498e-12
2.26498e-12
-1.66297e-11
-1.66297e-11
4.22597e-11
4.22597e-11
-4.36306e-11
-4.36306e-11
5.56111e-11
5.56111e-11
-5.40018e-11
-5.40018e-11
2.64645e-11
2.64645e-11
-1.16229e-11
-1.16229e-11
-9.59635e-12
-9.59635e-12
-2.2471e-11
-2.2471e-11
2.60472e-11
2.60472e-11
3.57628e-12
3.57628e-12
-6.19888e-12
-6.19888e-12
-1.95503e-11
-1.95503e-11
3.73721e-11
3.73721e-11
1.7643e-11
1.7643e-11
-1.38283e-11
-1.38283e-11
-5.00679e-12
-5.00679e-12
-1.19209e-12
-1.19209e-12
6.91414e-12
6.91414e-12
5.126e-12
5.126e-12
-1.61529e-11
-1.61529e-11
-4.88758e-12
-4.88758e-12
-6.3777e-12
-6.3777e-12
-2.10404e-11
-2.10404e-11
3.99947e-11
3.99947e-11
-3.99351e-12
-3.99351e-12
-1.03116e-11
-1.03116e-11
-1.71661e-11
-1.71661e-11
2.96235e-11
2.96235e-11
-8.40426e-12
-8.40426e-12
1.2517e-12
1.2517e-12
-9.29833e-12
-9.29833e-12
-1.37091e-11
-1.37091e-11
2.56896e-11
2.56896e-11
-7.15256e-13
-7.15256e-13
-1.25766e-11
-1.25766e-11
1.60933e-12
1.60933e-12
4.70877e-12
4.70877e-12
-7.689e-12
-7.689e-12
-1.64509e-11
-1.64509e-11
4.4167e-11
4.4167e-11
-2.94447e-11
-2.94447e-11
3.60012e-11
3.60012e-11
-4.23193e-11
-4.23193e-11
4.64916e-11
4.64916e-11
-4.77433e-11
-4.77433e-11
4.0412e-11
4.0412e-11
-4.11272e-11
-4.11272e-11
4.21405e-11
4.21405e-11
-4.94123e-11
-4.94123e-11
4.52995e-11
4.52995e-11
-5.68628e-11
-5.68628e-11
3.70741e-11
3.70741e-11
9.05991e-12
9.05991e-12
-5.42402e-12
-5.42402e-12
1.90735e-12
1.90735e-12
-1.45435e-11
-1.45435e-11
5.0664e-12
5.0664e-12
-3.57628e-13
-3.57628e-13
7.7486e-12
7.7486e-12
-7.86781e-12
-7.86781e-12
-1.34707e-11
-1.34707e-11
4.75049e-11
4.75049e-11
-5.59092e-11
-5.59092e-11
6.48499e-11
6.48499e-11
-4.88162e-11
-4.88162e-11
2.14577e-11
2.14577e-11
-3.75509e-12
-3.75509e-12
-2.38419e-13
-2.38419e-13
3.63588e-12
3.63588e-12
-2.98023e-13
-2.98023e-13
-8.28505e-12
-8.28505e-12
-3.57628e-12
-3.57628e-12
-5.96047e-14
-5.96047e-14
-5.42402e-12
-5.42402e-12
-1.19209e-11
-1.19209e-11
5.55515e-11
5.55515e-11
-4.97103e-11
-4.97103e-11
4.39882e-11
4.39882e-11
-4.03523e-11
-4.03523e-11
3.88622e-11
3.88622e-11
-5.22733e-11
-5.22733e-11
3.3319e-11
3.3319e-11
-1.07288e-11
-1.07288e-11
-5.36442e-13
-5.36442e-13
2.32458e-12
2.32458e-12
1.2815e-11
1.2815e-11
2.74181e-12
2.74181e-12
1.95503e-11
1.95503e-11
-4.94123e-11
-4.94123e-11
4.22001e-11
4.22001e-11
-5.63264e-11
-5.63264e-11
6.97374e-11
6.97374e-11
-2.78354e-11
-2.78354e-11
-1.04904e-11
-1.04904e-11
9.29833e-12
9.29833e-12
3.14117e-11
3.14117e-11
-4.66108e-11
-4.66108e-11
2.71201e-11
2.71201e-11
-2.32458e-12
-2.32458e-12
4.11272e-12
4.11272e-12
1.45435e-11
1.45435e-11
-4.37498e-11
-4.37498e-11
6.38366e-11
6.38366e-11
-3.31998e-11
-3.31998e-11
3.8743e-12
3.8743e-12
-4.17233e-13
-4.17233e-13
-7.56979e-12
-7.56979e-12
1.66297e-11
1.66297e-11
-4.01139e-11
-4.01139e-11
4.75049e-11
4.75049e-11
-3.93391e-11
-3.93391e-11
4.53591e-11
4.53591e-11
-5.68032e-11
-5.68032e-11
5.16772e-11
5.16772e-11
-4.62532e-11
-4.62532e-11
4.53591e-11
4.53591e-11
-5.30481e-11
-5.30481e-11
2.77162e-11
2.77162e-11
-6.67572e-12
-6.67572e-12
4.23193e-12
4.23193e-12
4.58956e-12
4.58956e-12
4.41074e-12
4.41074e-12
7.7486e-12
7.7486e-12
1.13249e-12
1.13249e-12
3.8743e-12
3.8743e-12
-9.53674e-12
-9.53674e-12
-9.23872e-12
-9.23872e-12
5.48363e-12
5.48363e-12
-8.70228e-12
-8.70228e-12
1.90139e-11
1.90139e-11
-3.79086e-11
-3.79086e-11
3.29018e-11
3.29018e-11
-3.15309e-11
-3.15309e-11
3.45707e-12
3.45707e-12
9.23872e-12
9.23872e-12
-2.38419e-12
-2.38419e-12
6.49691e-12
6.49691e-12
2.20537e-12
2.20537e-12
1.72853e-11
1.72853e-11
-2.92063e-11
-2.92063e-11
6.67572e-12
6.67572e-12
1.2815e-11
1.2815e-11
1.46031e-11
1.46031e-11
-4.58956e-11
-4.58956e-11
5.04851e-11
5.04851e-11
-4.14848e-11
-4.14848e-11
5.29885e-11
5.29885e-11
-2.90275e-11
-2.90275e-11
5.60284e-12
5.60284e-12
6.55651e-12
6.55651e-12
1.36495e-11
1.36495e-11
-5.9545e-11
-5.9545e-11
5.48363e-11
5.48363e-11
-2.67625e-11
-2.67625e-11
2.47359e-11
2.47359e-11
-3.03388e-11
-3.03388e-11
1.78218e-11
1.78218e-11
-3.34978e-11
-3.34978e-11
-7.56979e-12
-7.56979e-12
9.35793e-12
9.35793e-12
9.53674e-12
9.53674e-12
8.22544e-12
8.22544e-12
5.84126e-12
5.84126e-12
8.58307e-12
8.58307e-12
-7.7486e-13
-7.7486e-13
1.75238e-11
1.75238e-11
-3.1054e-11
-3.1054e-11
3.91603e-11
3.91603e-11
-3.83854e-11
-3.83854e-11
3.28422e-11
3.28422e-11
-1.65701e-11
-1.65701e-11
2.73585e-11
2.73585e-11
-3.97563e-11
-3.97563e-11
1.7941e-11
1.7941e-11
-3.7849e-11
-3.7849e-11
7.56979e-12
7.56979e-12
1.50204e-11
1.50204e-11
2.07424e-11
2.07424e-11
-2.8789e-11
-2.8789e-11
3.45707e-11
3.45707e-11
-3.74913e-11
-3.74913e-11
2.41995e-11
2.41995e-11
-1.56164e-11
-1.56164e-11
1.5378e-11
1.5378e-11
-2.80142e-11
-2.80142e-11
2.70009e-11
2.70009e-11
-1.15633e-11
-1.15633e-11
2.87294e-11
2.87294e-11
-3.41535e-11
-3.41535e-11
2.72393e-11
2.72393e-11
-2.8193e-11
-2.8193e-11
2.26498e-12
2.26498e-12
4.82798e-12
4.82798e-12
1.13249e-11
1.13249e-11
-1.67489e-11
-1.67489e-11
4.23193e-12
4.23193e-12
1.96099e-11
1.96099e-11
-3.68953e-11
-3.68953e-11
3.51071e-11
3.51071e-11
-1.5974e-11
-1.5974e-11
2.03252e-11
2.03252e-11
-3.08752e-11
-3.08752e-11
3.53456e-11
3.53456e-11
1.78814e-13
1.78814e-13
-4.87566e-11
-4.87566e-11
5.82933e-11
5.82933e-11
-1.60933e-11
-1.60933e-11
7.92742e-12
7.92742e-12
-2.72989e-11
-2.72989e-11
1.96695e-11
1.96695e-11
9.11951e-12
9.11951e-12
-2.77162e-11
-2.77162e-11
2.60472e-11
2.60472e-11
1.90735e-12
1.90735e-12
-2.41399e-11
-2.41399e-11
4.04716e-11
4.04716e-11
-1.80602e-11
-1.80602e-11
1.65701e-11
1.65701e-11
-1.68085e-11
-1.68085e-11
3.3915e-11
3.3915e-11
-2.02656e-11
-2.02656e-11
2.79546e-11
2.79546e-11
-1.34707e-11
-1.34707e-11
-9.17912e-12
-9.17912e-12
-3.17097e-11
-3.17097e-11
3.65973e-11
3.65973e-11
-1.09673e-11
-1.09673e-11
-9.29833e-12
-9.29833e-12
3.5882e-11
3.5882e-11
-1.43051e-11
-1.43051e-11
-5.78165e-12
-5.78165e-12
-5.54323e-12
-5.54323e-12
-1.10865e-11
-1.10865e-11
1.2815e-11
1.2815e-11
-2.70605e-11
-2.70605e-11
2.40803e-11
2.40803e-11
-3.02792e-11
-3.02792e-11
4.07696e-11
4.07696e-11
-2.41399e-11
-2.41399e-11
2.74777e-11
2.74777e-11
-9.53674e-12
-9.53674e-12
-3.06964e-11
-3.06964e-11
2.22921e-11
2.22921e-11
-1.01328e-12
-1.01328e-12
-8.28505e-12
-8.28505e-12
2.84314e-11
2.84314e-11
-3.24845e-11
-3.24845e-11
3.49283e-11
3.49283e-11
-2.2769e-11
-2.2769e-11
1.43051e-11
1.43051e-11
-7.6294e-12
-7.6294e-12
-2.42591e-11
-2.42591e-11
3.05176e-11
3.05176e-11
-1.37091e-11
-1.37091e-11
3.34978e-11
3.34978e-11
-3.11732e-11
-3.11732e-11
2.16365e-11
2.16365e-11
-2.65241e-11
-2.65241e-11
1.90139e-11
1.90139e-11
-1.36495e-11
-1.36495e-11
-7.689e-12
-7.689e-12
1.86563e-11
1.86563e-11
-3.44515e-11
-3.44515e-11
3.12328e-11
3.12328e-11
-2.32458e-11
-2.32458e-11
3.33786e-11
3.33786e-11
-8.46386e-12
-8.46386e-12
-1.24574e-11
-1.24574e-11
3.19481e-11
3.19481e-11
-2.19941e-11
-2.19941e-11
1.19209e-11
1.19209e-11
-2.16961e-11
-2.16961e-11
2.27094e-11
2.27094e-11
-6.55651e-13
-6.55651e-13
-4.23193e-11
-4.23193e-11
9.0003e-12
9.0003e-12
-4.1008e-11
-4.1008e-11
1.55568e-11
1.55568e-11
2.95043e-11
2.95043e-11
-1.32918e-11
-1.32918e-11
2.56896e-11
2.56896e-11
-1.77622e-11
-1.77622e-11
2.72989e-11
2.72989e-11
-2.0802e-11
-2.0802e-11
2.59876e-11
2.59876e-11
-2.42591e-11
-2.42591e-11
2.2471e-11
2.2471e-11
-1.09673e-11
-1.09673e-11
-2.5034e-11
-2.5034e-11
2.11597e-11
2.11597e-11
-2.3663e-11
-2.3663e-11
3.03388e-11
3.03388e-11
-1.23382e-11
-1.23382e-11
2.7895e-11
2.7895e-11
-7.33137e-12
-7.33137e-12
-1.26958e-11
-1.26958e-11
-6.19888e-12
-6.19888e-12
-1.04308e-11
-1.04308e-11
1.7941e-11
1.7941e-11
-3.55244e-11
-3.55244e-11
2.33054e-11
2.33054e-11
-2.7597e-11
-2.7597e-11
2.3663e-11
2.3663e-11
-2.32458e-11
-2.32458e-11
3.37362e-11
3.37362e-11
-7.86781e-12
-7.86781e-12
3.6478e-11
3.6478e-11
-8.34465e-13
-8.34465e-13
-6.4373e-12
-6.4373e-12
-1.65105e-11
-1.65105e-11
-1.2219e-11
-1.2219e-11
3.016e-11
3.016e-11
-1.35303e-11
-1.35303e-11
-2.54512e-11
-2.54512e-11
1.95503e-11
1.95503e-11
-2.24113e-11
-2.24113e-11
2.74777e-11
2.74777e-11
-2.27094e-11
-2.27094e-11
2.05636e-11
2.05636e-11
-3.57628e-13
-3.57628e-13
-3.36766e-11
-3.36766e-11
2.98619e-11
2.98619e-11
-3.00407e-11
-3.00407e-11
4.24385e-11
4.24385e-11
-8.40426e-12
-8.40426e-12
-1.31726e-11
-1.31726e-11
1.52588e-11
1.52588e-11
-1.97291e-11
-1.97291e-11
2.74181e-11
2.74181e-11
-1.16825e-11
-1.16825e-11
-3.69549e-12
-3.69549e-12
-3.016e-11
-3.016e-11
3.82066e-11
3.82066e-11
-2.99215e-11
-2.99215e-11
3.45111e-11
3.45111e-11
-2.25306e-11
-2.25306e-11
2.44379e-11
2.44379e-11
-3.02792e-11
-3.02792e-11
3.93391e-11
3.93391e-11
-1.01924e-11
-1.01924e-11
-8.82149e-12
-8.82149e-12
-1.25766e-11
-1.25766e-11
3.01003e-11
3.01003e-11
-1.98483e-11
-1.98483e-11
3.23057e-11
3.23057e-11
-2.37227e-11
-2.37227e-11
-5.54323e-12
-5.54323e-12
-2.43187e-11
-2.43187e-11
2.47955e-11
2.47955e-11
-1.40071e-11
-1.40071e-11
1.37687e-11
1.37687e-11
-1.10865e-11
-1.10865e-11
3.89814e-11
3.89814e-11
-5.6684e-11
-5.6684e-11
1.7941e-11
1.7941e-11
-1.52588e-11
-1.52588e-11
2.50936e-11
2.50936e-11
-2.10404e-11
-2.10404e-11
2.65241e-11
2.65241e-11
-1.00732e-11
-1.00732e-11
-1.8537e-11
-1.8537e-11
2.75373e-11
2.75373e-11
-3.85046e-11
-3.85046e-11
2.92063e-11
2.92063e-11
-2.90275e-11
-2.90275e-11
2.49147e-11
2.49147e-11
-1.31726e-11
-1.31726e-11
1.04308e-11
1.04308e-11
-2.09212e-11
-2.09212e-11
2.14577e-11
2.14577e-11
-5.96047e-13
-5.96047e-13
-8.70228e-12
-8.70228e-12
2.20537e-11
2.20537e-11
-4.64916e-12
-4.64916e-12
-2.23517e-11
-2.23517e-11
3.50475e-11
3.50475e-11
-9.83477e-12
-9.83477e-12
-1.51992e-11
-1.51992e-11
2.94447e-11
2.94447e-11
-1.66297e-11
-1.66297e-11
2.31266e-11
2.31266e-11
-1.10865e-11
-1.10865e-11
-3.91007e-11
-3.91007e-11
1.26958e-11
1.26958e-11
4.88758e-12
4.88758e-12
-1.40667e-11
-1.40667e-11
2.79546e-11
2.79546e-11
-1.69873e-11
-1.69873e-11
2.56896e-11
2.56896e-11
-1.55568e-11
-1.55568e-11
2.33054e-11
2.33054e-11
6.61612e-12
6.61612e-12
-3.60608e-11
-3.60608e-11
1.60337e-11
1.60337e-11
-2.12193e-11
-2.12193e-11
3.65973e-11
3.65973e-11
