2.4966
2.49662
2.49662
2.49662
2.49661
2.49662
2.49662
2.49664
2.49659
2.49666
2.49659
2.49662
2.49662
2.49662
2.49662
2.49664
2.4966
2.49663
2.49663
2.49663
2.49665
2.49661
2.49663
2.49664
2.49661
2.49676
2.49694
2.4968
2.49693
2.49682
2.49689
2.49687
2.49687
2.49689
2.49689
2.4969
2.49691
2.49687
2.49692
2.49689
2.49694
2.49692
2.49691
2.49692
2.49693
2.49693
2.49693
2.49694
2.49694
2.49695
2.49696
2.49692
2.49696
2.49695
2.49699
2.49695
2.49699
2.49697
2.49697
2.49697
2.49699
2.49699
2.49699
2.497
2.49701
2.49698
2.49701
2.49698
2.49701
2.497
2.49703
2.497
2.49703
2.497
2.497
2.49701
2.497
2.49701
2.49703
2.49703
2.49701
2.49703
2.49703
2.49706
2.497
2.49708
2.49702
2.49706
2.49698
2.4967
2.49689
2.49676
2.49685
2.49679
2.49682
2.49677
2.49679
2.49679
2.4968
2.49677
2.49679
2.49676
2.4968
2.49677
2.49679
2.49676
2.49678
2.49675
2.49678
2.49673
