2.4966
2.49663
2.49662
2.49664
2.49662
2.49665
2.49662
2.49666
2.49663
2.49666
2.49665
2.49663
2.49667
2.49664
2.49664
2.49665
2.49663
2.49668
2.49664
2.49665
2.49664
2.49664
2.49664
2.49664
2.49665
2.49664
2.49664
2.49664
2.49664
2.49662
2.49667
2.49664
2.49663
2.49666
2.49663
2.49667
2.49664
2.49664
2.49667
2.49663
2.49666
2.49665
2.49685
2.49695
2.49696
2.49699
2.49702
2.49704
2.49707
2.49707
2.49709
2.49712
2.49709
2.49713
2.49713
2.49713
2.49714
2.49712
2.49715
2.49711
2.49716
2.49713
2.49716
2.49716
2.49715
2.49713
2.49717
2.49714
2.49714
2.49714
2.49717
2.49715
2.49714
2.49714
2.49713
2.49716
2.49713
2.49717
2.49715
2.49714
2.49713
2.49716
2.49714
2.49714
2.49714
2.49716
2.49712
2.49716
2.49714
2.49714
2.49712
2.49678
2.4969
2.4968
2.49681
2.49677
2.49674
2.49672
2.49674
2.49667
2.49671
2.49669
2.49666
2.49668
2.49665
2.49667
2.49666
2.49666
2.49664
2.49664
2.49664
2.49664
2.49663
2.49667
2.49664
2.49663
2.49666
2.49664
2.49666
2.49664
2.49664
2.49663
2.49667
2.49664
2.49663
2.49667
2.49664
2.49663
