2.4963
2.49587
2.4961
2.49584
2.496
2.49584
2.49597
2.49586
2.49593
2.49587
2.49591
2.49586
2.4959
2.4959
2.49583
2.49594
2.49587
2.49591
2.49586
2.49589
2.49591
2.49586
2.4959
2.49592
2.49588
2.4959
2.4959
2.49588
2.4959
2.49591
2.49586
2.49587
2.49589
2.49592
2.49586
2.49589
2.49587
2.4959
2.4959
2.49591
2.49587
2.49589
2.4959
2.49592
2.49588
2.49591
2.49586
2.49594
2.49586
2.49589
2.49591
2.49584
2.49594
2.49589
2.49593
2.49588
2.49589
2.4959
2.49591
2.4959
2.49592
2.49589
2.49593
2.49589
2.49593
2.49592
2.4959
2.49589
2.49593
2.49589
2.49595
2.49593
2.49591
2.49592
2.4959
2.49591
2.4959
2.49595
2.49587
2.49594
2.49592
2.49589
2.49594
2.49592
2.4959
2.49594
2.49593
2.49591
2.49592
2.4959
2.49595
2.49586
2.49593
2.49589
2.49595
2.49587
2.49593
2.4959
2.49595
2.49587
2.49593
2.49591
2.4959
2.4959
2.49591
2.4959
2.49594
2.49593
2.49594
2.49591
2.49592
2.49594
2.49593
2.49591
2.49588
2.49595
2.49593
2.49592
2.49591
2.49593
2.49593
2.49593
2.49593
2.49593
2.49592
2.49594
2.49595
2.49595
2.49594
2.49597
2.49592
2.49594
2.49593
2.49594
2.49596
2.49589
2.496
2.49586
2.49595
2.49587
2.49595
2.49588
2.49597
2.49589
2.49596
2.49589
2.49597
2.49591
2.49594
2.49597
2.4959
2.49595
2.49595
2.49591
2.49593
2.49592
2.49595
2.49592
2.49595
2.49596
2.49591
2.49595
2.49597
2.49591
2.49594
2.49596
2.49593
2.49596
2.49592
2.49596
2.4959
2.49601
2.49588
2.49602
2.49589
2.49601
2.49588
2.496
2.49587
2.49599
2.49591
2.49594
2.49599
2.49593
2.49596
2.49595
2.49596
2.49593
2.49597
2.49593
2.49596
2.49592
2.49595
2.4959
2.49599
2.49587
2.49597
2.49591
2.49596
2.49593
2.49597
2.49592
2.49598
2.49594
2.49598
2.49596
2.49593
2.49599
2.49594
2.49598
2.49595
2.49599
2.49598
2.49597
2.49596
2.49594
2.49599
2.49596
2.49596
2.49596
2.49596
2.49597
2.49597
2.49594
2.496
2.49592
2.49598
2.49596
2.49597
2.49595
2.49602
2.49593
2.49599
2.49597
2.49597
2.49597
2.49597
2.49596
2.49597
2.49597
2.49596
2.49597
2.49596
2.49597
2.49597
2.49597
2.49595
2.49595
2.49594
2.49599
2.49598
2.49598
2.49599
2.496
2.49593
2.49602
2.49594
2.49602
2.49596
2.49599
2.49598
2.49597
2.49598
2.49599
2.49599
2.49598
2.496
2.49595
2.49603
2.49596
2.49598
2.49599
2.496
2.49595
2.49603
2.49595
2.49599
2.49599
2.49597
2.49599
2.49598
2.49599
2.49598
2.49599
2.49599
2.49599
2.49599
2.496
2.49595
2.49601
2.49593
2.49601
2.49595
2.49603
2.49597
2.49599
2.49599
2.496
2.49596
2.49598
2.496
2.49594
2.49602
2.49595
2.49599
2.49601
2.49595
2.49602
2.49599
2.49601
2.49598
2.496
2.49596
2.49601
2.49596
2.49598
2.49597
2.49597
2.49598
2.49599
2.49601
2.49595
2.49599
2.49598
2.49601
2.49598
2.496
2.49597
2.496
2.49596
2.49599
2.49601
2.49598
2.496
2.49598
2.49599
2.49598
2.496
2.49597
2.49602
2.49598
2.49602
2.49596
2.49601
2.496
2.49598
2.49603
2.49598
2.49603
2.49597
2.49601
2.49599
2.49603
2.49602
2.496
2.49599
2.49602
2.49599
2.49602
2.49599
2.49604
2.49598
2.49605
2.49598
2.49604
2.49595
2.49606
2.49595
2.49602
2.49599
2.49602
2.49599
2.49604
2.49597
2.49603
2.49601
2.49599
2.49605
2.49594
2.49608
2.49597
2.49605
2.49595
2.49603
2.496
2.496
2.49598
2.49604
2.49595
2.49603
2.49599
2.49601
2.49598
2.49603
2.49599
2.49605
2.49597
2.49603
2.496
2.49601
2.49601
2.49601
2.49599
2.49605
2.49595
2.49603
2.496
2.496
2.49601
2.49602
2.496
2.49601
2.496
2.49602
2.49601
2.496
2.496
2.49599
2.49603
2.496
2.49603
2.49603
2.49604
2.49604
2.49604
2.49603
2.49604
2.49603
2.49604
2.49605
2.49597
2.49605
2.49599
2.49607
2.49601
2.49602
2.49602
2.49603
2.49602
2.49603
2.49603
2.49603
2.49606
2.496
2.49604
2.49604
2.496
2.49601
2.49602
2.49602
2.49603
2.49604
2.49605
2.49601
2.49605
2.496
2.49604
2.49599
2.49606
2.496
2.49601
2.49604
2.496
2.496
2.49604
2.49605
2.49599
2.49607
2.496
2.49603
2.49604
2.49599
2.49608
2.49601
2.49605
2.496
2.49605
2.49599
2.49609
2.49597
2.49607
2.49602
2.49603
2.49605
2.49601
2.49604
2.496
2.49604
2.49604
2.49599
2.49608
2.49602
2.49607
2.49603
2.49604
2.49602
2.49605
2.49599
2.49607
2.49601
2.49604
2.49601
2.49605
2.496
2.49604
2.496
2.49604
2.49606
2.49601
2.49605
2.49601
2.49604
2.49601
2.49606
2.49601
2.49606
2.49601
2.49604
2.49601
2.49605
2.49602
2.49603
2.49606
2.49602
2.49606
2.49602
2.49608
2.49603
2.49606
2.49604
2.49604
2.49602
2.49604
2.496
2.49606
2.49602
2.49606
2.49602
2.49607
2.49604
2.49603
2.49607
2.49603
2.49607
2.49601
2.49607
2.49604
2.49609
2.49599
2.49609
2.496
2.49607
2.49602
2.49605
2.49605
2.49604
2.4961
2.49602
2.49609
2.49603
2.49609
2.49601
2.49606
2.49603
2.49606
2.49603
2.49607
2.49604
2.4961
2.49602
2.49608
2.49604
2.49609
2.496
2.49607
2.49604
2.49607
2.49603
2.49608
2.49604
2.49605
2.49605
2.49604
2.49603
2.49609
2.49602
2.49608
2.49608
2.49605
2.49604
2.49608
2.49605
2.49603
2.49609
2.49601
2.4961
2.49603
2.4961
2.49601
2.49607
2.49605
2.49606
2.49605
2.49607
2.49605
2.49606
2.49606
2.49606
2.49605
2.49605
2.49606
2.49604
2.49609
2.49601
2.49608
2.49606
2.49606
2.49608
2.49608
2.49606
2.49606
2.49606
2.49607
2.49605
2.49606
2.49606
2.49605
2.49605
2.49607
2.49606
2.49606
2.49608
2.49606
2.49606
2.49605
2.49605
2.49606
2.49605
2.49603
2.49608
2.49607
2.49608
2.49608
2.49608
2.49608
2.49609
2.49602
2.4961
2.49604
2.4961
2.49604
2.49611
2.49605
2.49608
2.4961
2.49604
2.4961
2.49603
2.49611
2.49604
2.49614
2.49603
2.49613
2.49602
2.49613
2.49606
2.4961
2.49605
2.49607
2.49608
2.49612
2.49606
2.49609
2.49604
2.49612
2.49605
2.49608
2.49607
2.49606
2.49609
2.49605
2.49607
2.49608
2.49608
2.49608
2.49608
2.49609
2.49602
2.49612
2.49605
2.49609
2.49608
2.4961
2.49605
2.49609
2.49604
2.49607
2.49607
2.49608
2.49609
2.49603
2.49613
2.49606
2.49611
2.49606
2.49607
2.4961
2.49605
2.49609
2.49605
2.49607
2.49608
2.49609
2.49603
2.49611
2.49604
2.49607
2.4961
2.49605
2.49607
2.4961
2.49605
2.49607
2.49607
2.49609
2.49604
2.49612
2.49603
2.49612
2.49605
2.49609
2.49604
2.49613
2.49606
2.49609
2.49607
2.4961
2.49606
2.49607
2.49609
2.49605
2.49608
2.49608
2.49612
2.49606
2.49609
2.49605
2.49608
2.49608
2.4961
2.49605
2.49608
2.49608
2.49612
2.49608
2.49612
2.49608
2.49613
2.49609
2.49608
2.49612
2.49608
2.49614
2.49605
2.49612
2.49607
2.49611
2.49608
2.4961
2.49607
2.49611
2.49607
2.49609
2.49606
2.49611
2.49607
2.49609
2.49607
2.49613
2.49609
2.49606
2.49611
2.49607
2.4961
2.49606
2.49611
2.4961
2.49607
2.4961
2.49609
2.49607
2.49613
2.49608
2.49611
2.49611
2.49609
2.49607
2.49612
2.49607
2.49609
2.49609
2.49608
2.49613
2.49609
2.49612
2.4961
2.49607
2.49613
2.49609
2.49614
2.49605
2.49613
2.4961
2.49609
2.49615
2.49606
2.49614
2.49605
2.49612
2.4961
2.49607
2.49612
2.49608
2.49613
2.49608
2.49612
2.49611
2.49611
2.4961
2.49609
2.49614
2.49607
2.49614
2.49606
2.49613
2.49611
2.49608
2.49614
2.49605
2.49613
2.49607
2.49613
2.49608
2.49615
2.49608
2.49615
2.49606
2.49615
2.49607
2.49614
2.49606
2.49613
2.4961
2.49612
2.49613
2.49613
2.49612
2.49614
2.49607
2.49613
2.49607
2.49613
2.4961
2.49611
2.49611
2.49609
2.49609
2.49609
2.49609
2.49609
2.49609
2.4961
2.4961
2.49611
2.49611
2.49611
2.49609
2.49608
2.49615
2.49605
2.49613
2.49611
2.4961
2.4961
2.49611
2.49609
2.49609
2.49608
2.49614
2.49608
2.49614
2.49609
2.49612
2.49612
2.4961
2.49611
2.49611
2.49611
2.49612
2.49612
2.49611
2.49611
2.4961
2.4961
2.4961
2.49613
2.49612
2.49614
2.49606
2.49614
2.49605
2.49616
2.49606
2.49612
2.4961
2.49609
2.4961
2.49609
2.49609
2.4961
2.4961
2.4961
2.49611
2.49611
2.49612
2.4961
2.49611
2.49612
2.49613
2.49609
2.49611
2.49611
2.49612
2.49612
2.49612
2.49614
2.49609
2.49612
2.49611
2.49612
2.49613
2.49612
2.49611
2.49611
2.49609
2.49612
2.49611
2.49613
2.49606
2.49615
2.49608
2.49617
2.49612
2.49613
2.49614
2.49611
2.49611
2.49614
2.4961
2.49613
2.49615
2.4961
2.49612
2.49614
2.4961
2.49612
2.49614
2.49609
2.49613
2.49613
2.49609
2.49613
2.49613
2.49614
2.49609
2.49612
2.49613
2.49614
2.49611
2.49612
2.49612
2.49612
2.49614
2.49608
2.49617
2.4961
2.49612
2.49614
2.49609
2.49612
2.49612
2.49612
2.49612
2.49613
2.4961
2.49613
2.49612
2.49614
2.49608
2.49617
2.4961
2.49612
2.49613
2.49614
2.49609
2.49613
2.49609
2.49611
2.49612
2.49614
2.4961
2.49614
2.49609
2.49616
2.49609
2.49613
2.49615
2.4961
2.49614
2.4961
2.49614
2.49608
2.4962
2.49609
2.4962
2.49609
2.49615
2.49612
2.49614
2.4961
2.49613
2.49614
2.49609
2.49611
2.49613
2.49611
2.49613
2.49609
2.49614
2.4961
2.49613
2.49608
2.49618
2.49606
2.49617
2.49609
2.49614
2.49609
2.49613
2.49608
2.49617
2.49612
2.49614
2.4961
2.49612
2.49614
2.4961
2.49614
2.4961
2.49613
2.4961
2.49612
2.49615
2.4961
2.49613
2.49613
2.49614
2.4961
2.49615
2.49609
2.49612
2.49615
2.49608
2.49616
2.49612
2.49614
2.49612
2.49616
2.4961
2.49614
2.49612
2.49615
2.49609
2.49614
2.49609
2.49613
2.49609
2.49614
2.4961
2.49614
2.4961
2.49614
2.49611
2.49615
2.49611
2.49613
2.49614
2.49612
2.49617
2.49613
2.49617
2.49613
2.49615
2.49611
2.49615
2.49613
2.49611
2.49614
2.49611
2.49615
2.49612
2.49615
2.49612
2.49616
2.49613
2.49616
2.49613
2.49616
2.49612
2.49615
2.49611
2.49614
2.49613
2.49615
2.49611
2.49615
2.49611
2.49615
2.4961
2.49614
2.4961
2.49614
2.49611
2.49615
2.49611
2.49614
2.49612
2.49616
2.49614
2.49612
2.49615
2.49614
2.49611
2.49615
2.49611
2.49616
2.49613
2.49619
2.49608
2.49621
2.49611
2.49618
2.4961
2.49618
2.49614
2.49617
2.49614
2.49614
2.49614
2.49614
2.49613
2.49617
2.49615
2.49615
2.49612
2.49616
2.49615
2.49613
2.49617
2.49614
2.49612
2.49617
2.49613
2.49618
2.49615
2.49613
2.49613
2.49613
2.49617
2.49613
2.49612
2.49616
2.49614
2.49612
2.49617
2.49614
2.49614
2.49612
2.49615
2.49614
2.49612
2.49617
2.49615
2.49613
2.49618
2.4961
2.49615
2.49612
2.49616
2.49613
2.49614
2.49614
2.49615
2.49613
2.49615
2.49613
2.49611
2.49615
2.49611
2.49616
2.49611
2.49615
2.49612
2.49618
2.4961
2.49616
2.49613
2.49616
2.4961
2.49616
2.49613
2.49616
2.49612
2.49616
2.49613
2.49614
2.49615
2.49614
2.49613
2.49613
2.49612
2.49617
2.49612
2.49618
2.4961
2.49619
2.4961
2.49616
2.49611
2.49616
2.49612
2.49617
2.49614
2.49614
2.49614
2.49614
2.49611
2.49617
2.49613
2.49616
2.49615
2.49612
2.49617
2.49614
2.49614
2.49614
2.49613
2.49619
2.49611
2.49617
2.49615
2.49615
2.49616
2.49614
2.49613
2.49613
2.49617
2.49615
2.49615
2.49614
2.49615
2.49615
2.49613
2.49619
2.49612
2.4962
2.49611
2.49617
2.49614
2.49614
2.49612
2.49616
2.49615
2.49614
2.49612
2.49617
2.49617
2.49615
2.49615
2.49615
2.49616
2.49616
2.49614
2.49615
2.49614
2.49612
2.49618
2.49615
2.49614
2.49613
2.49617
2.49614
2.49615
2.49614
2.49613
2.49617
2.49615
2.49614
2.49615
2.49615
2.49614
2.49613
2.49618
2.49613
2.49618
2.49612
2.49619
2.49611
2.49618
2.49612
2.49618
2.49611
2.49618
2.4961
2.49617
2.49616
2.49615
2.49615
2.49613
2.49615
2.49615
2.49615
2.49614
2.49613
2.49619
2.4961
2.4962
2.49612
2.49617
2.49615
2.49615
2.49616
2.49615
2.49614
2.49615
2.49615
2.49614
2.49613
2.4962
2.49611
2.49619
2.49612
2.49619
2.49611
2.49617
2.49614
2.49615
2.49615
2.49616
2.49616
2.49618
2.49611
2.49619
2.4961
2.49621
2.49614
2.49614
2.49616
2.49619
2.49612
2.49618
2.49616
2.49617
2.49618
2.49612
2.49622
2.49615
2.49617
2.49617
2.49616
2.49618
2.49613
2.4962
2.49613
2.4962
2.49612
2.4962
2.49612
2.4962
2.49612
2.49618
2.49615
2.49616
2.49616
2.49617
2.49617
2.49617
2.49617
2.49616
2.49616
2.49617
2.49615
2.49618
2.49613
2.49619
2.49613
2.49615
2.49616
2.49615
2.49616
2.49616
2.49618
2.49614
2.49616
2.49617
2.49618
2.49612
2.4962
2.49613
2.49621
2.49615
2.49617
2.49618
2.49619
2.49611
2.49621
2.49615
2.49619
2.49614
2.49618
2.49613
2.49614
2.49616
2.49616
2.49617
2.49617
2.49617
2.49617
2.49619
2.49614
2.4962
2.49614
2.4962
2.49616
2.4962
2.49614
2.49618
2.49613
2.49616
2.49617
2.49619
2.49615
2.4962
2.49614
2.49619
2.49616
2.49618
2.49614
2.49619
2.49616
2.4962
2.49614
2.49619
2.49615
2.49616
2.49617
2.49618
2.49615
2.49617
2.49619
2.49614
2.49619
2.49616
2.49619
2.49614
2.4962
2.49618
2.49613
2.49622
2.49617
2.49619
2.49615
2.49619
2.49619
2.49615
2.4962
2.49618
2.49616
2.49621
2.49617
2.4962
2.49617
2.49622
2.49618
2.49622
2.49619
2.49619
2.49616
2.49621
2.49618
2.49618
2.49622
2.49619
2.49619
2.49619
2.49618
2.4962
2.49616
2.4962
2.49615
2.49622
2.49617
2.49621
2.49618
2.49616
2.4962
2.49618
2.49618
2.49621
2.49616
2.49622
2.49617
2.4962
2.49618
2.49616
2.49621
2.49618
2.49622
2.49617
2.49621
2.49617
2.4962
2.49618
2.49618
2.4962
2.49615
2.49621
2.49616
2.49621
2.49619
2.49618
2.49622
2.49618
2.4962
2.49617
2.49621
2.4962
2.49615
2.49618
2.49613
2.49617
2.4962
2.49617
2.4962
2.49617
2.49621
2.49617
2.49621
2.49617
2.49621
2.49618
2.49616
2.4962
2.49616
2.49621
2.49618
2.49621
2.49619
2.49618
2.49618
2.49617
2.4962
2.49615
2.49619
2.49615
2.49619
2.49615
2.4962
2.49618
2.49622
2.4962
2.49619
2.49618
2.49617
2.49621
2.49618
2.49616
2.4962
2.49616
2.4962
2.49616
2.4962
2.49619
2.49615
2.4962
2.49615
2.49622
2.49618
2.49617
2.4962
2.49617
2.49621
2.49618
2.49618
2.49615
2.49621
2.49616
2.49621
2.49617
2.49621
2.49616
2.49622
2.49619
2.49618
2.49617
2.49621
2.49618
2.49622
2.49618
2.49618
2.49616
2.4962
2.49617
2.4962
2.49618
2.49622
2.49614
2.49619
2.49617
2.4962
2.49616
2.49621
2.49618
2.49616
2.49621
2.49615
2.4962
2.49615
2.4962
2.49617
2.49619
2.49616
2.49619
2.49618
2.49617
2.4962
2.49618
2.49616
2.49621
2.49618
2.49617
2.49621
2.49618
2.49621
2.49619
2.49615
2.49619
2.49618
2.49617
2.4962
2.49617
2.49621
2.49618
2.49621
2.4962
2.49616
2.4962
2.49617
