2.5e-6
2.50039e-6
-0.0156403
2.5e-6
2.49999e-6
0.000414848
2.5e-6
2.50023e-6
-0.0092721
2.5e-6
2.49997e-6
0.00137329
2.5e-6
2.50013e-6
-0.00505209
2.5e-6
2.49994e-6
0.00224829
2.5e-6
2.50008e-6
-0.00313997
2.5e-6
2.49998e-6
0.000965595
2.5e-6
2.50004e-6
-0.00146151
2.5e-6
2.49998e-6
0.000736713
2.5e-6
2.50004e-6
-0.00149488
2.5e-6
2.49999e-6
0.000534058
2.5e-6
2.49999e-6
0.000524521
2.5e-6
2.50006e-6
-0.00237227
2.5e-6
2.49993e-6
0.00262976
2.5e-6
2.50002e-6
-0.000982285
2.5e-6
2.49998e-6
0.000984669
2.5e-6
2.50004e-6
-0.00154972
2.5e-6
2.49999e-6
0.000462532
2.5e-6
2.49998e-6
0.00071764
2.5e-6
2.50003e-6
-0.00118494
2.5e-6
2.49998e-6
0.000839233
2.5e-6
2.49997e-6
0.00111341
2.5e-6
2.50003e-6
-0.00111818
2.5e-6
2.5e-6
0.000188351
2.5e-6
2.5e-6
0.000119209
2.5e-6
2.50001e-6
-0.000531673
2.5e-6
2.49999e-6
0.000526905
2.5e-6
2.49999e-6
0.000448227
2.5e-6
2.50004e-6
-0.00150681
2.5e-6
2.50001e-6
-0.000238419
2.5e-6
2.49999e-6
0.000286102
2.5e-6
2.49997e-6
0.00123978
2.5e-6
2.50003e-6
-0.00125647
2.5e-6
2.49999e-6
0.000202656
2.5e-6
2.50001e-6
-0.000391007
2.5e-6
2.49998e-6
0.000600815
2.5e-6
2.49999e-6
0.000302792
2.5e-6
2.49998e-6
0.00076294
2.5e-6
2.50003e-6
-0.00103712
2.5e-6
2.5e-6
0.000116825
2.5e-6
2.49999e-6
0.000231266
2.5e-6
2.49998e-6
0.000901222
2.5e-6
2.50002e-6
-0.000965595
2.5e-6
2.49999e-6
0.000538826
2.5e-6
2.50004e-6
-0.00152588
2.5e-6
2.49994e-6
0.00220776
2.5e-6
2.50004e-6
-0.00162125
2.5e-6
2.49999e-6
0.000276566
2.5e-6
2.49998e-6
0.000712872
2.5e-6
2.50005e-6
-0.00215292
2.5e-6
2.49994e-6
0.00252724
2.5e-6
2.50001e-6
-0.00058651
2.5e-6
2.49997e-6
0.00117064
2.5e-6
2.50003e-6
-0.00106335
2.5e-6
2.5e-6
-0.000133514
2.5e-6
2.49999e-6
0.000221729
2.5e-6
2.49999e-6
0.000226498
2.5e-6
2.5e-6
-0.00017643
2.5e-6
2.49998e-6
0.000631809
2.5e-6
2.50001e-6
-0.000510216
2.5e-6
2.49998e-6
0.000886917
2.5e-6
2.50002e-6
-0.000805855
2.5e-6
2.49997e-6
0.00115395
2.5e-6
2.5e-6
-0.000112057
2.5e-6
2.50001e-6
-0.000488758
2.5e-6
2.50002e-6
-0.000884533
2.5e-6
2.49997e-6
0.0010252
2.5e-6
2.50002e-6
-0.000784397
2.5e-6
2.49996e-6
0.00170469
2.5e-6
2.5e-6
2.6226e-5
2.5e-6
2.50001e-6
-0.000588894
2.5e-6
2.5e-6
7.6294e-5
2.5e-6
2.50001e-6
-0.000524521
2.5e-6
2.5e-6
-0.000133514
2.5e-6
2.50001e-6
-0.00025034
2.5e-6
2.49996e-6
0.00174999
2.5e-6
2.50006e-6
-0.00228882
2.5e-6
2.49997e-6
0.00138283
2.5e-6
2.5e-6
0.00013113
2.5e-6
2.50002e-6
-0.000884533
2.5e-6
2.49997e-6
0.00136375
2.5e-6
2.50001e-6
-0.000345707
2.5e-6
2.50002e-6
-0.000729561
2.5e-6
2.49997e-6
0.00119686
2.5e-6
2.5e-6
6.19888e-5
2.5e-6
2.50001e-6
-0.000524521
2.5e-6
2.5e-6
1.43051e-5
2.5e-6
2.50002e-6
-0.000665188
2.5e-6
2.49997e-6
0.00133753
2.5e-6
2.50006e-6
-0.00253439
2.5e-6
2.49996e-6
0.00141859
2.5e-6
2.50002e-6
-0.00089407
2.5e-6
2.49995e-6
0.00188589
2.5e-6
2.50006e-6
-0.00226736
2.5e-6
2.49997e-6
0.00118732
2.5e-6
2.50002e-6
-0.000669956
2.5e-6
2.49996e-6
0.0017333
2.5e-6
2.50005e-6
-0.00213146
2.5e-6
2.49997e-6
0.00124455
2.5e-6
2.5e-6
-7.6294e-5
2.5e-6
2.50001e-6
-0.000429153
2.5e-6
2.5e-6
-0.000197887
2.5e-6
2.5e-6
-3.57628e-5
2.5e-6
2.50001e-6
-0.000283718
2.5e-6
2.49996e-6
0.00146627
2.5e-6
2.49999e-6
0.000200272
2.5e-6
2.49999e-6
0.000493527
2.5e-6
2.50002e-6
-0.000782013
2.5e-6
2.5e-6
-9.29833e-5
2.5e-6
2.49998e-6
0.00068903
2.5e-6
2.5e-6
-2.14577e-5
2.5e-6
2.50002e-6
-0.000605583
2.5e-6
2.50003e-6
-0.00132799
2.5e-6
2.49996e-6
0.0015974
2.5e-6
2.49999e-6
0.000269413
2.5e-6
2.50001e-6
-0.000228882
2.5e-6
2.50001e-6
-0.000448227
2.5e-6
2.49999e-6
0.000524521
2.5e-6
2.5e-6
0.000123978
2.5e-6
2.49999e-6
0.000255108
2.5e-6
2.5e-6
-4.76837e-5
2.5e-6
2.5e-6
-8.82149e-5
2.5e-6
2.50001e-6
-0.00025034
2.5e-6
2.49999e-6
0.000402927
2.5e-6
2.49999e-6
0.000493527
2.5e-6
2.49999e-6
0.000288487
2.5e-6
2.5e-6
-3.09944e-5
2.5e-6
2.49997e-6
0.00112057
2.5e-6
2.50004e-6
-0.00150204
2.5e-6
2.49999e-6
0.000300407
2.5e-6
2.50001e-6
-0.000326633
2.5e-6
2.5e-6
0.000143051
2.5e-6
2.49998e-6
0.000712872
2.5e-6
2.50005e-6
-0.00199556
2.5e-6
2.49993e-6
0.00273943
2.5e-6
2.50009e-6
-0.00358343
2.5e-6
2.49996e-6
0.00153542
2.5e-6
2.50005e-6
-0.0020504
2.5e-6
2.49995e-6
0.00192165
2.5e-6
2.50004e-6
-0.00164986
2.5e-6
2.49994e-6
0.00246525
2.5e-6
2.50005e-6
-0.00182629
2.5e-6
2.49995e-6
0.0018239
2.5e-6
2.50004e-6
-0.001688
2.5e-6
2.49995e-6
0.00187159
2.5e-6
2.50003e-6
-0.00108004
2.5e-6
2.49998e-6
0.000646114
2.5e-6
2.49997e-6
0.00137091
2.5e-6
2.50005e-6
-0.00184774
2.5e-6
2.49998e-6
0.000603199
2.5e-6
2.49999e-6
0.000493527
2.5e-6
2.50004e-6
-0.0014329
2.5e-6
2.49999e-6
0.000236034
2.5e-6
2.50001e-6
-0.000441074
2.5e-6
2.49997e-6
0.00102997
2.5e-6
2.50002e-6
-0.00076294
2.5e-6
2.49998e-6
0.000782013
2.5e-6
2.49998e-6
0.000743866
2.5e-6
2.50003e-6
-0.00118017
2.5e-6
2.49999e-6
0.000567436
2.5e-6
2.49997e-6
0.00111341
2.5e-6
2.50004e-6
-0.00159979
2.5e-6
2.49999e-6
0.000450611
2.5e-6
2.49998e-6
0.000753403
2.5e-6
2.50002e-6
-0.000739098
2.5e-6
2.49998e-6
0.000724793
2.5e-6
2.50003e-6
-0.00112057
2.5e-6
2.49997e-6
0.00114918
2.5e-6
2.50004e-6
-0.00174999
2.5e-6
2.49992e-6
0.00322819
2.5e-6
2.50008e-6
-0.00318766
2.5e-6
2.49991e-6
0.00353575
2.5e-6
2.50008e-6
-0.00301123
2.5e-6
2.49992e-6
0.00300169
2.5e-6
2.50009e-6
-0.00342846
2.5e-6
2.49993e-6
0.00263453
2.5e-6
2.50009e-6
-0.00347137
2.5e-6
2.49993e-6
0.0027585
2.5e-6
2.50004e-6
-0.0014019
2.5e-6
2.49999e-6
0.000419617
2.5e-6
2.49995e-6
0.00181913
2.5e-6
2.50003e-6
-0.00114679
2.5e-6
2.49998e-6
0.000600815
2.5e-6
2.50001e-6
-0.00033617
2.5e-6
2.49999e-6
0.000398159
2.5e-6
2.50002e-6
-0.00087738
2.5e-6
2.49998e-6
0.000889301
2.5e-6
2.50002e-6
-0.000874996
2.5e-6
2.49998e-6
0.000603199
2.5e-6
2.50003e-6
-0.00118017
2.5e-6
2.49999e-6
0.000524521
2.5e-6
2.50004e-6
-0.00159502
2.5e-6
2.49993e-6
0.00262022
2.5e-6
2.50008e-6
-0.00332356
2.5e-6
2.49994e-6
0.00224113
2.5e-6
2.50003e-6
-0.0013423
2.5e-6
2.49997e-6
0.00119448
2.5e-6
2.50001e-6
-0.00027895
2.5e-6
2.49997e-6
0.00100374
2.5e-6
2.50003e-6
-0.00100851
2.5e-6
2.49996e-6
0.00141382
2.5e-6
2.50002e-6
-0.00067234
2.5e-6
2.49997e-6
0.00119448
2.5e-6
2.50001e-6
-0.000298023
2.5e-6
2.50003e-6
-0.00119448
2.5e-6
2.49996e-6
0.00169992
2.5e-6
2.50002e-6
-0.000941753
2.5e-6
2.49997e-6
0.00107765
2.5e-6
2.50002e-6
-0.000789166
2.5e-6
2.49997e-6
0.00121593
2.5e-6
2.49999e-6
0.00030756
2.5e-6
2.50001e-6
-0.000343323
2.5e-6
2.50001e-6
-0.000436306
2.5e-6
2.50002e-6
-0.000896454
2.5e-6
2.49997e-6
0.00133038
2.5e-6
2.50001e-6
-0.000479221
2.5e-6
2.50001e-6
-0.000333786
2.5e-6
2.5e-6
-4.29153e-5
2.5e-6
2.5e-6
-1.19209e-5
2.5e-6
2.49999e-6
0.000343323
2.5e-6
2.5e-6
7.15256e-5
2.5e-6
2.50002e-6
-0.000925064
2.5e-6
2.49996e-6
0.00145197
2.5e-6
2.50005e-6
-0.0019145
2.5e-6
2.49997e-6
0.00100136
2.5e-6
2.50001e-6
-0.000200272
2.5e-6
2.49999e-6
0.000295639
2.5e-6
2.50002e-6
-0.000634193
2.5e-6
2.49994e-6
0.00226498
2.5e-6
2.50005e-6
-0.00213623
2.5e-6
2.49997e-6
0.00115871
2.5e-6
2.50001e-6
-0.000202656
2.5e-6
2.5e-6
2.14577e-5
2.5e-6
2.50001e-6
-0.000212193
2.5e-6
2.5e-6
0.000135899
2.5e-6
2.50001e-6
-0.000405312
2.5e-6
2.49999e-6
0.000338554
2.5e-6
2.5e-6
0.000107288
2.5e-6
2.50001e-6
-0.00023365
2.5e-6
2.5e-6
-4.76837e-5
2.5e-6
2.5e-6
-0.000183582
2.5e-6
2.49999e-6
0.000276566
2.5e-6
2.5e-6
-7.6294e-5
2.5e-6
2.5e-6
-5.24521e-5
2.5e-6
2.50002e-6
-0.00061512
2.5e-6
2.5e-6
-0.000119209
2.5e-6
2.50001e-6
-0.000486374
2.5e-6
2.49997e-6
0.00138283
2.5e-6
2.49999e-6
0.000414848
2.5e-6
2.5e-6
0.000145435
2.5e-6
2.49999e-6
0.000350475
2.5e-6
2.49999e-6
0.000562668
2.5e-6
2.50005e-6
-0.00206232
2.5e-6
2.49995e-6
0.00209332
2.5e-6
2.50004e-6
-0.00175238
2.5e-6
2.49995e-6
0.00205755
2.5e-6
2.50003e-6
-0.00120401
2.5e-6
2.49999e-6
0.00058651
2.5e-6
2.50001e-6
-0.00023365
2.5e-6
2.50001e-6
-0.000405312
2.5e-6
2.49999e-6
0.000236034
2.5e-6
2.49999e-6
0.000436306
2.5e-6
2.5e-6
0.000152588
2.5e-6
2.5e-6
-0.000135899
2.5e-6
2.49998e-6
0.000641346
2.5e-6
2.50004e-6
-0.00172615
2.5e-6
2.49995e-6
0.00219345
2.5e-6
2.50003e-6
-0.00132322
2.5e-6
2.5e-6
-9.77516e-5
2.5e-6
2.49999e-6
0.000309944
2.5e-6
2.49999e-6
0.000360012
2.5e-6
2.50004e-6
-0.00155687
2.5e-6
2.49994e-6
0.00236988
2.5e-6
2.50004e-6
-0.00179768
2.5e-6
2.49998e-6
0.00061512
2.5e-6
2.5e-6
2.6226e-5
2.5e-6
2.50001e-6
-0.000412464
2.5e-6
2.49999e-6
0.000464916
2.5e-6
2.50001e-6
-0.00033617
2.5e-6
2.49999e-6
0.00025034
2.5e-6
2.50001e-6
-0.000324249
2.5e-6
2.5e-6
0.000183582
2.5e-6
2.5e-6
6.67572e-5
2.5e-6
2.5e-6
5.96047e-5
2.5e-6
2.49999e-6
0.000257492
2.5e-6
2.49999e-6
0.00045538
2.5e-6
2.50004e-6
-0.00154257
2.5e-6
2.49997e-6
0.00121593
2.5e-6
2.50005e-6
-0.0021863
2.5e-6
2.49995e-6
0.00183821
2.5e-6
2.50004e-6
-0.00141621
2.5e-6
2.49994e-6
0.00248432
2.5e-6
2.50003e-6
-0.00123739
2.5e-6
2.49999e-6
0.000367165
2.5e-6
2.5e-6
0.000133514
2.5e-6
2.49999e-6
0.000309944
2.5e-6
2.50003e-6
-0.00117779
2.5e-6
2.5e-6
4.29153e-5
2.5e-6
2.49998e-6
0.000743866
2.5e-6
2.50005e-6
-0.00181913
2.5e-6
2.49995e-6
0.00188112
2.5e-6
2.50004e-6
-0.00144005
2.5e-6
2.49999e-6
0.000543594
2.5e-6
2.49997e-6
0.00111341
2.5e-6
2.50004e-6
-0.00162125
2.5e-6
2.49995e-6
0.00187635
2.5e-6
2.50001e-6
-0.000314713
2.5e-6
2.49998e-6
0.000600815
2.5e-6
2.50002e-6
-0.000834465
2.5e-6
2.49999e-6
0.000584126
2.5e-6
2.50003e-6
-0.00129461
2.5e-6
2.49997e-6
0.00111103
2.5e-6
2.50003e-6
-0.00126123
2.5e-6
2.5e-6
7.15256e-5
2.5e-6
2.50001e-6
-0.000264645
2.5e-6
2.50001e-6
-0.000255108
2.5e-6
2.49999e-6
0.000283718
2.5e-6
2.49999e-6
0.000505447
2.5e-6
2.49997e-6
0.00102043
2.5e-6
2.50004e-6
-0.00149488
2.5e-6
2.49999e-6
0.000422001
2.5e-6
2.5e-6
1.69407e-14
2.5e-6
2.49998e-6
0.00096798
2.5e-6
2.50001e-6
-0.000584126
2.5e-6
2.49998e-6
0.000665188
2.5e-6
2.50003e-6
-0.00103474
2.5e-6
2.49998e-6
0.000817776
2.5e-6
2.50003e-6
-0.00130415
2.5e-6
2.49998e-6
0.000648499
2.5e-6
2.49998e-6
0.000874996
2.5e-6
2.50002e-6
-0.000638962
2.5e-6
2.49999e-6
0.00054121
2.5e-6
2.50002e-6
-0.000684261
2.5e-6
2.49999e-6
0.000374317
2.5e-6
2.50001e-6
-0.000531673
2.5e-6
2.49999e-6
0.000555515
2.5e-6
2.50002e-6
-0.000677109
2.5e-6
2.49997e-6
0.00124931
2.5e-6
2.50001e-6
-0.000598431
2.5e-6
2.49997e-6
0.00100136
2.5e-6
2.50004e-6
-0.0015831
2.5e-6
2.49997e-6
0.00109196
2.5e-6
2.49999e-6
0.000288487
2.5e-6
2.50002e-6
-0.000638962
2.5e-6
2.49997e-6
0.00123501
2.5e-6
2.50002e-6
-0.000960827
2.5e-6
2.49997e-6
0.00126839
2.5e-6
2.50004e-6
-0.00144959
2.5e-6
2.49998e-6
0.000629425
2.5e-6
2.50001e-6
-0.000591278
2.5e-6
2.49997e-6
0.00132084
2.5e-6
2.49999e-6
0.000255108
2.5e-6
2.50001e-6
-0.000567436
2.5e-6
2.50002e-6
-0.000677109
2.5e-6
2.49998e-6
0.000658035
2.5e-6
2.50002e-6
-0.000636578
2.5e-6
2.49998e-6
0.000929833
2.5e-6
2.50002e-6
-0.000934601
2.5e-6
2.49996e-6
0.00147343
2.5e-6
2.50003e-6
-0.00130415
2.5e-6
2.49995e-6
0.00193357
2.5e-6
2.50004e-6
-0.00169754
2.5e-6
2.49996e-6
0.00143528
2.5e-6
2.50007e-6
-0.00285625
2.5e-6
2.49993e-6
0.00283241
2.5e-6
2.50007e-6
-0.00271082
2.5e-6
2.49997e-6
0.00122547
2.5e-6
2.50001e-6
-0.000493527
2.5e-6
2.49998e-6
0.000824928
2.5e-6
2.50001e-6
-0.000534058
2.5e-6
2.49996e-6
0.00157356
2.5e-6
2.50005e-6
-0.00191212
2.5e-6
2.49997e-6
0.00139236
2.5e-6
2.50001e-6
-0.000214577
2.5e-6
2.50002e-6
-0.000650883
2.5e-6
2.49996e-6
0.0016427
2.5e-6
2.50007e-6
-0.00298977
2.5e-6
2.49991e-6
0.00365257
2.5e-6
2.50006e-6
-0.00239611
2.5e-6
2.49996e-6
0.00169992
2.5e-6
2.50007e-6
-0.00266314
2.5e-6
2.49996e-6
0.00165939
2.5e-6
2.50001e-6
-0.000386238
2.5e-6
2.50001e-6
-0.000276566
2.5e-6
2.50002e-6
-0.000665188
2.5e-6
2.49995e-6
0.00186443
2.5e-6
2.50006e-6
-0.0023818
2.5e-6
2.49996e-6
0.00153065
2.5e-6
2.50002e-6
-0.000612736
2.5e-6
2.49999e-6
0.000579357
2.5e-6
2.50003e-6
-0.00109434
2.5e-6
2.49997e-6
0.001297
2.5e-6
2.50002e-6
-0.000662804
2.5e-6
2.49996e-6
0.001719
2.5e-6
2.50005e-6
-0.00213623
2.5e-6
2.49996e-6
0.00142097
2.5e-6
2.50001e-6
-0.000395775
2.5e-6
2.5e-6
5.48363e-5
2.5e-6
2.5e-6
-0.000112057
2.5e-6
2.5e-6
0.000169277
2.5e-6
2.50001e-6
-0.000591278
2.5e-6
2.49996e-6
0.00165224
2.5e-6
2.50007e-6
-0.00270605
2.5e-6
2.49996e-6
0.00149965
2.5e-6
2.5e-6
-0.000133514
2.5e-6
2.5e-6
-0.00010252
2.5e-6
2.5e-6
0.000112057
2.5e-6
2.49998e-6
0.000631809
2.5e-6
2.50001e-6
-0.000486374
2.5e-6
2.5e-6
9.05991e-5
2.5e-6
2.5e-6
-0.000171661
2.5e-6
2.49999e-6
0.000574589
2.5e-6
2.50001e-6
-0.00036478
2.5e-6
2.50001e-6
-0.000333786
2.5e-6
2.5e-6
-8.10623e-5
2.5e-6
2.50001e-6
-0.0005126
2.5e-6
2.49997e-6
0.00117302
2.5e-6
2.50002e-6
-0.000622273
2.5e-6
2.49998e-6
0.000839233
2.5e-6
2.49999e-6
0.000495911
2.5e-6
2.49999e-6
0.000479221
2.5e-6
2.49999e-6
0.000240803
2.5e-6
2.49999e-6
0.000240803
2.5e-6
2.50001e-6
-0.00027895
2.5e-6
2.49999e-6
0.000224113
2.5e-6
2.50001e-6
-0.000300407
2.5e-6
2.49999e-6
0.000286102
2.5e-6
2.49999e-6
0.000486374
2.5e-6
2.50006e-6
-0.00258923
2.5e-6
2.49996e-6
0.00173807
2.5e-6
2.50004e-6
-0.00165463
2.5e-6
2.49995e-6
0.00218391
2.5e-6
2.50003e-6
-0.00110149
2.5e-6
2.5e-6
-7.86781e-5
2.5e-6
2.5e-6
0.000119209
2.5e-6
2.5e-6
0.000197887
2.5e-6
2.50001e-6
-0.000288487
2.5e-6
2.49999e-6
0.000236034
2.5e-6
2.5e-6
9.29833e-5
2.5e-6
2.5e-6
9.53674e-5
2.5e-6
2.49997e-6
0.00100851
2.5e-6
2.50004e-6
-0.00162363
2.5e-6
2.49998e-6
0.000739098
2.5e-6
2.49999e-6
0.000407696
2.5e-6
2.50004e-6
-0.00141382
2.5e-6
2.5e-6
-0.000157356
2.5e-6
2.5e-6
5.96047e-5
2.5e-6
2.49999e-6
0.000238419
2.5e-6
2.49999e-6
0.000562668
2.5e-6
2.49999e-6
0.000472069
2.5e-6
2.49998e-6
0.000810623
2.5e-6
2.50003e-6
-0.00129461
2.5e-6
2.49998e-6
0.000782013
2.5e-6
2.50004e-6
-0.00142097
2.5e-6
2.49997e-6
0.00100374
2.5e-6
2.50004e-6
-0.00150919
2.5e-6
2.49995e-6
0.00185967
2.5e-6
2.50003e-6
-0.00118971
2.5e-6
2.50001e-6
-0.000200272
2.5e-6
2.49997e-6
0.00101805
2.5e-6
2.50003e-6
-0.00118256
2.5e-6
2.50001e-6
-0.000386238
2.5e-6
2.49997e-6
0.00100613
2.5e-6
2.49997e-6
0.0011611
2.5e-6
2.50004e-6
-0.00173569
2.5e-6
2.49995e-6
0.00212669
2.5e-6
2.50004e-6
-0.0014472
2.5e-6
2.5e-6
0.000174046
2.5e-6
2.49998e-6
0.000662804
2.5e-6
2.50004e-6
-0.00160933
2.5e-6
2.49993e-6
0.00261068
2.5e-6
2.50003e-6
-0.0013566
2.5e-6
2.49998e-6
0.000710487
2.5e-6
2.50003e-6
-0.0013113
2.5e-6
2.49998e-6
0.00099659
2.5e-6
2.50004e-6
-0.00177383
2.5e-6
2.49993e-6
0.00290394
2.5e-6
2.50008e-6
-0.00301361
2.5e-6
2.49994e-6
0.00235796
2.5e-6
2.50002e-6
-0.000872612
2.5e-6
2.5e-6
0.000154972
2.5e-6
2.49998e-6
0.000784397
2.5e-6
2.50003e-6
-0.00135422
2.5e-6
2.49998e-6
0.000655651
2.5e-6
2.50003e-6
-0.00123501
2.5e-6
2.49998e-6
0.000743866
2.5e-6
2.49998e-6
0.000624657
2.5e-6
2.50004e-6
-0.00176668
2.5e-6
2.49994e-6
0.00253677
2.5e-6
2.50002e-6
-0.000786781
2.5e-6
2.49997e-6
0.0013566
2.5e-6
2.50002e-6
-0.000858307
2.5e-6
2.5e-6
2.38419e-5
2.5e-6
2.50002e-6
-0.000905991
2.5e-6
2.49999e-6
0.000567436
2.5e-6
2.50005e-6
-0.0018239
2.5e-6
2.49994e-6
0.00221968
2.5e-6
2.50003e-6
-0.00133991
2.5e-6
2.49998e-6
0.000703335
2.5e-6
2.50002e-6
-0.000855923
2.5e-6
2.49998e-6
0.000941753
2.5e-6
2.50003e-6
-0.00136614
2.5e-6
2.49998e-6
0.000965595
2.5e-6
2.50003e-6
-0.00112057
2.5e-6
2.49998e-6
0.000920296
2.5e-6
2.49997e-6
0.0011611
2.5e-6
2.50003e-6
-0.00119448
2.5e-6
2.49998e-6
0.000853539
2.5e-6
2.50003e-6
-0.00104904
2.5e-6
2.49998e-6
0.000669956
2.5e-6
2.50003e-6
-0.00100851
2.5e-6
2.49996e-6
0.00163078
2.5e-6
2.50002e-6
-0.000994206
2.5e-6
2.49997e-6
0.00108004
2.5e-6
2.50003e-6
-0.00110388
2.5e-6
2.49999e-6
0.000591278
2.5e-6
2.50002e-6
-0.000920296
2.5e-6
2.49998e-6
0.000796318
2.5e-6
2.50001e-6
-0.000376701
2.5e-6
2.5e-6
9.05991e-5
2.5e-6
2.49997e-6
0.00119686
2.5e-6
2.50003e-6
-0.00111341
2.5e-6
2.49997e-6
0.00120878
2.5e-6
2.50003e-6
-0.00103951
2.5e-6
2.49996e-6
0.00165701
2.5e-6
2.50002e-6
-0.000956059
2.5e-6
2.49998e-6
0.000696182
2.5e-6
2.50002e-6
-0.000627041
2.5e-6
2.5e-6
-4.76837e-5
2.5e-6
2.50003e-6
-0.00104427
2.5e-6
2.49999e-6
0.000550747
2.5e-6
2.50003e-6
-0.00123501
2.5e-6
2.49996e-6
0.00152111
2.5e-6
2.50002e-6
-0.000886917
2.5e-6
2.49998e-6
0.000982285
2.5e-6
2.50002e-6
-0.000784397
2.5e-6
2.49997e-6
0.00133038
2.5e-6
2.50001e-6
-0.000219345
2.5e-6
2.50001e-6
-0.000565052
2.5e-6
2.49997e-6
0.00124455
2.5e-6
2.50002e-6
-0.000927448
2.5e-6
2.49998e-6
0.000908375
2.5e-6
2.50004e-6
-0.00151396
2.5e-6
2.49996e-6
0.0014329
2.5e-6
2.50001e-6
-0.00056982
2.5e-6
2.49996e-6
0.00172138
2.5e-6
2.50008e-6
-0.00306368
2.5e-6
2.49994e-6
0.00233889
2.5e-6
2.50006e-6
-0.00226736
2.5e-6
2.49997e-6
0.00132084
2.5e-6
2.50002e-6
-0.000882149
2.5e-6
2.49999e-6
0.00056982
2.5e-6
2.5e-6
0.000121593
2.5e-6
2.50001e-6
-0.000321865
2.5e-6
2.49995e-6
0.00205278
2.5e-6
2.50004e-6
-0.0017643
2.5e-6
2.49996e-6
0.00169516
2.5e-6
2.50004e-6
-0.0014925
2.5e-6
2.49996e-6
0.00172138
2.5e-6
2.50005e-6
-0.00217199
2.5e-6
2.49998e-6
0.000777245
2.5e-6
2.50002e-6
-0.000889301
2.5e-6
2.49998e-6
0.000607967
2.5e-6
2.50002e-6
-0.000691414
2.5e-6
2.49997e-6
0.00110865
2.5e-6
2.50001e-6
-0.000531673
2.5e-6
2.49995e-6
0.00198603
2.5e-6
2.50005e-6
-0.00184774
2.5e-6
2.49997e-6
0.00100613
2.5e-6
2.50002e-6
-0.000874996
2.5e-6
2.49997e-6
0.0013876
2.5e-6
2.50006e-6
-0.00252247
2.5e-6
2.49997e-6
0.00128508
2.5e-6
2.50001e-6
-0.000457764
2.5e-6
2.49997e-6
0.00103474
2.5e-6
2.50003e-6
-0.00103712
2.5e-6
2.49997e-6
0.00129938
2.5e-6
2.50002e-6
-0.000784397
2.5e-6
2.5e-6
-0.000162125
2.5e-6
2.5e-6
-0.000154972
2.5e-6
2.50001e-6
-0.00020504
2.5e-6
2.50001e-6
-0.000407696
2.5e-6
2.49995e-6
0.00182152
2.5e-6
2.50004e-6
-0.00160456
2.5e-6
2.49997e-6
0.00120401
2.5e-6
2.49998e-6
0.000648499
2.5e-6
2.50001e-6
-0.000500679
2.5e-6
2.50002e-6
-0.000898838
2.5e-6
2.49997e-6
0.0011611
2.5e-6
2.50002e-6
-0.00068903
2.5e-6
2.50002e-6
-0.000767708
2.5e-6
2.49996e-6
0.00151634
2.5e-6
2.50005e-6
-0.00203848
2.5e-6
2.49995e-6
0.00212669
2.5e-6
2.50004e-6
-0.00145674
2.5e-6
2.49995e-6
0.00191927
2.5e-6
2.50006e-6
-0.00230312
2.5e-6
2.49997e-6
0.00118971
2.5e-6
2.5e-6
-0.000123978
2.5e-6
2.5e-6
1.66893e-5
2.5e-6
2.5e-6
-0.000197887
2.5e-6
2.49998e-6
0.00074625
2.5e-6
2.50001e-6
-0.000340939
2.5e-6
2.5e-6
-9.05991e-5
2.5e-6
2.5e-6
8.58307e-5
2.5e-6
2.5e-6
0.000181198
2.5e-6
2.50001e-6
-0.000324249
2.5e-6
2.50001e-6
-0.000283718
2.5e-6
2.49999e-6
0.000219345
2.5e-6
2.50002e-6
-0.000610352
2.5e-6
2.49997e-6
0.00137568
2.5e-6
2.50006e-6
-0.00224829
2.5e-6
2.49996e-6
0.00175715
2.5e-6
2.5e-6
-4.05312e-5
2.5e-6
2.5e-6
-2.14577e-5
2.5e-6
2.49998e-6
0.000758171
2.5e-6
2.49999e-6
0.000207424
2.5e-6
2.50001e-6
-0.000391007
2.5e-6
2.50001e-6
-0.000441074
2.5e-6
2.5e-6
9.53674e-5
2.5e-6
2.5e-6
0.000169277
2.5e-6
2.50001e-6
-0.000431538
2.5e-6
2.5e-6
-6.4373e-5
2.5e-6
2.5e-6
8.58307e-5
2.5e-6
2.50001e-6
-0.000321865
2.5e-6
2.5e-6
-3.33786e-5
2.5e-6
2.49999e-6
0.0004673
2.5e-6
2.5e-6
4.76837e-6
2.5e-6
2.5e-6
6.4373e-5
2.5e-6
2.49998e-6
0.000667572
2.5e-6
2.50001e-6
-0.000238419
2.5e-6
2.50001e-6
-0.000412464
2.5e-6
2.50001e-6
-0.000591278
2.5e-6
2.5e-6
-5.96047e-5
2.5e-6
2.49999e-6
0.000405312
2.5e-6
2.50001e-6
-0.000405312
2.5e-6
2.50002e-6
-0.000703335
2.5e-6
2.49996e-6
0.00148296
2.5e-6
2.49999e-6
0.000369549
2.5e-6
2.49999e-6
0.000488758
2.5e-6
2.5e-6
9.29833e-5
2.5e-6
2.5e-6
-4.76837e-5
2.5e-6
2.5e-6
-1.90735e-5
2.5e-6
2.49999e-6
0.000376701
2.5e-6
2.50005e-6
-0.00214577
2.5e-6
2.49996e-6
0.00158548
2.5e-6
2.50003e-6
-0.00121832
2.5e-6
2.49996e-6
0.00145197
2.5e-6
2.50004e-6
-0.00147104
2.5e-6
2.49995e-6
0.0020957
2.5e-6
2.50003e-6
-0.00118494
2.5e-6
2.49999e-6
0.000350475
2.5e-6
2.49998e-6
0.000813007
2.5e-6
2.50004e-6
-0.0016427
2.5e-6
2.49996e-6
0.00151873
2.5e-6
2.50005e-6
-0.00202179
2.5e-6
2.49995e-6
0.00187635
2.5e-6
2.50004e-6
-0.00150442
2.5e-6
2.49993e-6
0.0028801
2.5e-6
2.50006e-6
-0.002563
2.5e-6
2.49994e-6
0.00250816
2.5e-6
2.50007e-6
-0.00297546
2.5e-6
2.49994e-6
0.00257969
2.5e-6
2.50003e-6
-0.00133276
2.5e-6
2.49998e-6
0.000751019
2.5e-6
2.50003e-6
-0.00122547
2.5e-6
2.5e-6
-3.8147e-5
2.5e-6
2.49999e-6
0.000545979
2.5e-6
2.49996e-6
0.00149012
2.5e-6
2.50003e-6
-0.00122547
2.5e-6
2.49999e-6
0.000545979
2.5e-6
2.50005e-6
-0.00188112
2.5e-6
2.49994e-6
0.0022316
2.5e-6
2.50004e-6
-0.00161409
2.5e-6
2.49999e-6
0.000472069
2.5e-6
2.5e-6
-7.86781e-5
2.5e-6
2.50001e-6
-0.000505447
2.5e-6
2.49998e-6
0.000798702
2.5e-6
2.50003e-6
-0.00110865
2.5e-6
2.49999e-6
0.000200272
2.5e-6
2.49999e-6
0.000469685
2.5e-6
2.49999e-6
0.000209808
2.5e-6
2.5e-6
-2.86102e-5
2.5e-6
2.5e-6
4.05312e-5
2.5e-6
2.49999e-6
0.000445843
2.5e-6
2.50005e-6
-0.00216246
2.5e-6
2.49994e-6
0.00245571
2.5e-6
2.50003e-6
-0.00116825
2.5e-6
2.49998e-6
0.000693798
2.5e-6
2.5e-6
-0.000138283
2.5e-6
2.49998e-6
0.000889301
2.5e-6
2.50004e-6
-0.0014019
2.5e-6
2.49998e-6
0.000743866
2.5e-6
2.50003e-6
-0.00135899
2.5e-6
2.49999e-6
0.00030756
2.5e-6
2.49999e-6
0.000276566
2.5e-6
2.49999e-6
0.000329018
2.5e-6
2.49998e-6
0.00064373
2.5e-6
2.50005e-6
-0.00199318
2.5e-6
2.49994e-6
0.00254869
2.5e-6
2.50002e-6
-0.000991821
2.5e-6
2.49997e-6
0.00100613
2.5e-6
2.50003e-6
-0.00127554
2.5e-6
2.5e-6
-0.00013113
2.5e-6
2.49998e-6
0.000929833
2.5e-6
2.50003e-6
-0.001297
2.5e-6
2.49998e-6
0.000755787
2.5e-6
2.50002e-6
-0.000958443
2.5e-6
2.49999e-6
0.000202656
2.5e-6
2.49999e-6
0.000276566
2.5e-6
2.49999e-6
0.00054121
2.5e-6
2.50005e-6
-0.0018096
2.5e-6
2.49995e-6
0.00187635
2.5e-6
2.50003e-6
-0.00137329
2.5e-6
2.49999e-6
0.000393391
2.5e-6
2.49997e-6
0.00109196
2.5e-6
2.50003e-6
-0.00103235
2.5e-6
2.49999e-6
0.000216961
2.5e-6
2.49998e-6
0.000910759
2.5e-6
2.50003e-6
-0.00127792
2.5e-6
2.5e-6
2.14577e-5
2.5e-6
2.49999e-6
0.000314713
2.5e-6
2.49998e-6
0.000810623
2.5e-6
2.50004e-6
-0.00164032
2.5e-6
2.49994e-6
0.00221968
2.5e-6
2.50005e-6
-0.00202179
2.5e-6
2.49995e-6
0.00200033
2.5e-6
2.50004e-6
-0.00141144
2.5e-6
2.49998e-6
0.000665188
2.5e-6
2.50004e-6
-0.00152588
2.5e-6
2.49994e-6
0.00256538
2.5e-6
2.50003e-6
-0.00132799
2.5e-6
2.49998e-6
0.000610352
2.5e-6
2.50001e-6
-0.000495911
2.5e-6
2.49998e-6
0.000991821
2.5e-6
2.50003e-6
-0.00110626
2.5e-6
2.5e-6
2.14577e-5
2.5e-6
2.49999e-6
0.000593662
2.5e-6
2.50003e-6
-0.00125885
2.5e-6
2.49999e-6
0.000517368
2.5e-6
2.49999e-6
0.000302792
2.5e-6
2.49996e-6
0.00149488
2.5e-6
2.50003e-6
-0.00132084
2.5e-6
2.49999e-6
0.000343323
2.5e-6
2.50003e-6
-0.00138998
2.5e-6
2.49998e-6
0.000691414
2.5e-6
2.49999e-6
0.00036478
2.5e-6
2.49998e-6
0.000634193
2.5e-6
2.50004e-6
-0.00148296
2.5e-6
2.49999e-6
0.000560284
2.5e-6
2.49999e-6
0.000331402
2.5e-6
2.49997e-6
0.00128746
2.5e-6
2.50002e-6
-0.000798702
2.5e-6
2.49997e-6
0.00107765
2.5e-6
2.50002e-6
-0.000751019
2.5e-6
2.49997e-6
0.00124693
2.5e-6
2.50001e-6
-0.000576973
2.5e-6
2.50002e-6
-0.000669956
2.5e-6
2.49997e-6
0.00118017
2.5e-6
2.50002e-6
-0.000987053
2.5e-6
2.49996e-6
0.00165939
2.5e-6
2.50006e-6
-0.00234842
2.5e-6
2.49996e-6
0.00140905
2.5e-6
2.50003e-6
-0.00112772
2.5e-6
2.49998e-6
0.00068903
2.5e-6
2.50002e-6
-0.000753403
2.5e-6
2.49999e-6
0.000302792
2.5e-6
2.50002e-6
-0.000712872
2.5e-6
2.49998e-6
0.000982285
2.5e-6
2.50003e-6
-0.00100136
2.5e-6
2.49999e-6
0.000462532
2.5e-6
2.50002e-6
-0.000994206
2.5e-6
2.49996e-6
0.00149012
2.5e-6
2.50002e-6
-0.00092268
2.5e-6
2.49999e-6
0.00041008
2.5e-6
2.50001e-6
-0.000596047
2.5e-6
2.49995e-6
0.00187635
2.5e-6
2.50002e-6
-0.000665188
2.5e-6
2.50003e-6
-0.00121593
2.5e-6
2.49998e-6
0.000948906
2.5e-6
2.50002e-6
-0.000972748
2.5e-6
2.49998e-6
0.000650883
2.5e-6
2.50002e-6
-0.000827313
2.5e-6
2.49997e-6
0.00127792
2.5e-6
2.5e-6
5.72205e-5
2.5e-6
2.50002e-6
-0.000724793
2.5e-6
2.49998e-6
0.000715256
2.5e-6
2.5e-6
-0.000112057
2.5e-6
2.50002e-6
-0.000662804
2.5e-6
2.49996e-6
0.00160694
2.5e-6
2.50002e-6
-0.000853539
2.5e-6
2.49998e-6
0.00066042
2.5e-6
2.5e-6
6.67572e-5
2.5e-6
2.50002e-6
-0.000646114
2.5e-6
2.50002e-6
-0.000989437
2.5e-6
2.49997e-6
0.00132084
2.5e-6
2.50003e-6
-0.00105143
2.5e-6
2.49999e-6
0.000228882
2.5e-6
2.5e-6
0.000143051
2.5e-6
2.50001e-6
-0.000457764
2.5e-6
2.49996e-6
0.00154972
2.5e-6
2.50002e-6
-0.000748634
2.5e-6
2.49998e-6
0.000982285
2.5e-6
2.50001e-6
-0.000283718
2.5e-6
2.50004e-6
-0.0014019
2.5e-6
2.49996e-6
0.00153542
2.5e-6
2.50002e-6
-0.000784397
2.5e-6
2.49996e-6
0.00153542
2.5e-6
2.50006e-6
-0.00246048
2.5e-6
2.49996e-6
0.00168324
2.5e-6
2.5e-6
-6.4373e-5
2.5e-6
2.50002e-6
-0.000727177
2.5e-6
2.49995e-6
0.00208139
2.5e-6
2.50006e-6
-0.00248194
2.5e-6
2.49996e-6
0.00177145
2.5e-6
2.50005e-6
-0.00217915
2.5e-6
2.49997e-6
0.0013423
2.5e-6
2.5e-6
-0.00013113
2.5e-6
2.50003e-6
-0.00112295
2.5e-6
2.49997e-6
0.00112772
2.5e-6
2.50002e-6
-0.000634193
2.5e-6
2.49997e-6
0.00134468
2.5e-6
2.50003e-6
-0.00113249
2.5e-6
2.49998e-6
0.000989437
2.5e-6
2.5e-6
0.00010252
2.5e-6
2.5e-6
-7.6294e-5
2.5e-6
2.50001e-6
-0.000414848
2.5e-6
2.50002e-6
-0.000658035
2.5e-6
2.49995e-6
0.00181675
2.5e-6
2.50004e-6
-0.00165224
2.5e-6
2.49996e-6
0.00163317
2.5e-6
2.50005e-6
-0.00209093
2.5e-6
2.49996e-6
0.00145912
2.5e-6
2.5e-6
5.72205e-5
2.5e-6
2.50003e-6
-0.00101566
2.5e-6
2.49996e-6
0.00149488
2.5e-6
2.50006e-6
-0.00245094
2.5e-6
2.49996e-6
0.00169277
2.5e-6
2.50003e-6
-0.00121593
2.5e-6
2.49996e-6
0.0015974
2.5e-6
2.50003e-6
-0.00136375
2.5e-6
2.49995e-6
0.00210524
2.5e-6
2.50004e-6
-0.00161648
2.5e-6
2.49996e-6
0.00170708
2.5e-6
2.50005e-6
-0.00218153
2.5e-6
2.49995e-6
0.00187874
2.5e-6
2.50005e-6
-0.00184298
2.5e-6
2.49996e-6
0.00163317
2.5e-6
2.50005e-6
-0.00191927
2.5e-6
2.49996e-6
0.00146151
2.5e-6
2.50001e-6
-0.000238419
2.5e-6
2.49999e-6
0.00045538
2.5e-6
2.49999e-6
0.000491142
2.5e-6
2.5e-6
0.000178814
2.5e-6
2.5e-6
-6.91414e-5
2.5e-6
2.49999e-6
0.0005126
2.5e-6
2.50006e-6
-0.00228643
2.5e-6
2.49997e-6
0.00132561
2.5e-6
2.50004e-6
-0.00175953
2.5e-6
2.49997e-6
0.0013876
2.5e-6
2.50001e-6
-0.000267029
2.5e-6
2.5e-6
0.000154972
2.5e-6
2.5e-6
0.000140667
2.5e-6
2.50002e-6
-0.000634193
2.5e-6
2.50001e-6
-0.000369549
2.5e-6
2.50001e-6
-0.000345707
2.5e-6
2.5e-6
-9.53674e-5
2.5e-6
2.5e-6
-0.000171661
2.5e-6
2.5e-6
3.8147e-5
2.5e-6
2.49999e-6
0.000267029
2.5e-6
2.5e-6
0.000181198
2.5e-6
2.49999e-6
0.000386238
2.5e-6
2.49999e-6
0.00020504
2.5e-6
2.5e-6
0.00014782
2.5e-6
2.50001e-6
-0.000584126
2.5e-6
2.50001e-6
-0.00054121
2.5e-6
2.49994e-6
0.0022006
2.5e-6
2.50007e-6
-0.00270605
2.5e-6
2.49996e-6
0.00166416
2.5e-6
2.5e-6
-1.19209e-5
2.5e-6
2.5e-6
-0.00010252
2.5e-6
2.50001e-6
-0.00030756
2.5e-6
2.49999e-6
0.000264645
2.5e-6
2.50001e-6
-0.000479221
2.5e-6
2.50001e-6
-0.00041008
2.5e-6
2.50001e-6
-0.000448227
2.5e-6
2.49995e-6
0.00211954
2.5e-6
2.50003e-6
-0.00117064
2.5e-6
2.49996e-6
0.00147343
2.5e-6
2.50002e-6
-0.000896454
2.5e-6
2.49999e-6
0.000407696
2.5e-6
2.49999e-6
0.000407696
2.5e-6
2.50002e-6
-0.000751019
2.5e-6
2.49999e-6
0.000207424
2.5e-6
2.5e-6
-4.29153e-5
2.5e-6
2.5e-6
0.000109673
2.5e-6
2.49999e-6
0.000202656
2.5e-6
2.5e-6
0.000174046
2.5e-6
2.50001e-6
-0.000247955
2.5e-6
2.50001e-6
-0.000228882
2.5e-6
2.50001e-6
-0.000314713
2.5e-6
2.5e-6
-3.57628e-5
2.5e-6
2.5e-6
-7.86781e-5
2.5e-6
2.49998e-6
0.000777245
2.5e-6
2.5e-6
0.000174046
2.5e-6
2.49998e-6
0.00071764
2.5e-6
2.50006e-6
-0.00231266
2.5e-6
2.49996e-6
0.00145912
2.5e-6
2.50006e-6
-0.00236511
2.5e-6
2.49993e-6
0.00269651
2.5e-6
2.50005e-6
-0.0021553
2.5e-6
2.49998e-6
0.000991821
2.5e-6
2.50001e-6
-0.000257492
2.5e-6
2.50001e-6
-0.000219345
2.5e-6
2.5e-6
0.000133514
2.5e-6
2.50001e-6
-0.000367165
2.5e-6
2.5e-6
-8.34465e-5
2.5e-6
2.49999e-6
0.000290871
2.5e-6
2.49999e-6
0.000209808
2.5e-6
2.5e-6
-0.00013113
2.5e-6
2.49999e-6
0.0004673
2.5e-6
2.5e-6
0.000197887
2.5e-6
2.49999e-6
0.000283718
2.5e-6
2.50001e-6
-0.00025034
2.5e-6
2.5e-6
1.66893e-5
2.5e-6
2.49999e-6
0.000298023
2.5e-6
2.49998e-6
0.000777245
2.5e-6
2.50003e-6
-0.00122309
2.5e-6
2.5e-6
0.000162125
2.5e-6
2.5e-6
0.000135899
2.5e-6
2.49999e-6
0.000412464
2.5e-6
2.49999e-6
0.000286102
2.5e-6
2.5e-6
5.00679e-5
2.5e-6
2.49998e-6
0.000886917
2.5e-6
2.50004e-6
-0.00153303
2.5e-6
2.5e-6
0.00017643
2.5e-6
2.5e-6
-0.000166893
2.5e-6
2.49999e-6
0.000226498
2.5e-6
2.49999e-6
0.000431538
2.5e-6
2.5e-6
0.00010252
2.5e-6
2.50001e-6
-0.000319481
2.5e-6
2.50001e-6
-0.000312328
2.5e-6
2.50002e-6
-0.00071764
2.5e-6
2.49999e-6
0.000486374
2.5e-6
2.5e-6
-2.6226e-5
2.5e-6
2.49998e-6
0.00087738
2.5e-6
2.50006e-6
-0.00221729
2.5e-6
2.49995e-6
0.00201941
2.5e-6
2.50004e-6
-0.00140667
2.5e-6
2.49993e-6
0.00272512
2.5e-6
2.50002e-6
-0.000624657
2.5e-6
2.5e-6
-2.38419e-6
2.5e-6
2.49999e-6
0.000474453
2.5e-6
2.50002e-6
-0.000948906
2.5e-6
2.50001e-6
-0.000271797
2.5e-6
2.49998e-6
0.000789166
2.5e-6
2.50002e-6
-0.000963211
2.5e-6
2.49999e-6
0.000443459
2.5e-6
2.49998e-6
0.00084877
2.5e-6
2.50003e-6
-0.00106812
2.5e-6
2.5e-6
9.77516e-5
2.5e-6
2.49998e-6
0.000765324
2.5e-6
2.50003e-6
-0.00104904
2.5e-6
2.49999e-6
0.000243187
2.5e-6
2.49998e-6
0.00074625
2.5e-6
2.50003e-6
-0.00129461
2.5e-6
2.49999e-6
0.000596047
2.5e-6
2.49999e-6
0.000426769
2.5e-6
2.50003e-6
-0.00124693
2.5e-6
2.49998e-6
0.000619888
2.5e-6
2.49999e-6
0.000379086
2.5e-6
2.49999e-6
0.000579357
2.5e-6
2.50004e-6
-0.00142574
2.5e-6
2.49999e-6
0.000469685
2.5e-6
2.49999e-6
0.000507832
2.5e-6
2.49998e-6
0.000607967
2.5e-6
2.50002e-6
-0.000863075
2.5e-6
2.5e-6
-0.000185967
2.5e-6
2.5e-6
4.05312e-5
2.5e-6
2.5e-6
0.00015974
2.5e-6
2.49998e-6
0.000789166
2.5e-6
2.50005e-6
-0.00187159
2.5e-6
2.49995e-6
0.0021863
2.5e-6
2.50003e-6
-0.00126839
2.5e-6
2.5e-6
2.6226e-5
2.5e-6
2.49998e-6
0.000874996
2.5e-6
2.50004e-6
-0.00165224
2.5e-6
2.49999e-6
0.00033617
2.5e-6
2.49999e-6
0.000333786
2.5e-6
2.5e-6
3.09944e-5
2.5e-6
2.5e-6
-6.91414e-5
2.5e-6
2.49998e-6
0.000622273
2.5e-6
2.50003e-6
-0.00102282
2.5e-6
2.49998e-6
0.000703335
2.5e-6
2.5e-6
-2.6226e-5
2.5e-6
2.49999e-6
0.00054121
2.5e-6
2.50004e-6
-0.00174522
2.5e-6
2.49994e-6
0.00239372
2.5e-6
2.50003e-6
-0.00133991
2.5e-6
2.5e-6
9.77516e-5
2.5e-6
2.49999e-6
0.000305176
2.5e-6
2.49998e-6
0.000658035
2.5e-6
2.50004e-6
-0.00158072
2.5e-6
2.49998e-6
0.000729561
2.5e-6
2.50003e-6
-0.0012064
2.5e-6
2.5e-6
5.96047e-5
2.5e-6
2.49999e-6
0.000576973
2.5e-6
2.49998e-6
0.000929833
2.5e-6
2.50003e-6
-0.00101328
2.5e-6
2.49998e-6
0.000829697
2.5e-6
2.50004e-6
-0.00140667
2.5e-6
2.49995e-6
0.00193357
2.5e-6
2.50004e-6
-0.00148058
2.5e-6
2.49998e-6
0.000684261
2.5e-6
2.49998e-6
0.000953674
2.5e-6
2.50003e-6
-0.00109673
2.5e-6
2.49998e-6
0.000653267
2.5e-6
2.50002e-6
-0.000834465
2.5e-6
2.49998e-6
0.000700951
2.5e-6
2.50004e-6
-0.00150919
2.5e-6
2.49991e-6
0.00349522
2.5e-6
2.50006e-6
-0.00247002
2.5e-6
2.49993e-6
0.00282049
2.5e-6
2.50006e-6
-0.00254393
2.5e-6
2.49998e-6
0.000855923
2.5e-6
2.50001e-6
-0.000503063
2.5e-6
2.49999e-6
0.000457764
2.5e-6
2.50004e-6
-0.00140905
2.5e-6
2.49999e-6
0.000498295
2.5e-6
2.49999e-6
0.000536442
2.5e-6
2.50003e-6
-0.00134468
2.5e-6
2.5e-6
-1.66893e-5
2.5e-6
2.49998e-6
0.000824928
2.5e-6
2.50001e-6
-0.000548363
2.5e-6
2.49998e-6
0.000648499
2.5e-6
2.50003e-6
-0.00106812
2.5e-6
2.49997e-6
0.00107765
2.5e-6
2.50002e-6
-0.000977516
2.5e-6
2.49998e-6
0.000822544
2.5e-6
2.50004e-6
-0.0014472
2.5e-6
2.49992e-6
0.00302553
2.5e-6
2.50008e-6
-0.00306129
2.5e-6
2.49993e-6
0.00260115
2.5e-6
2.50004e-6
-0.00157356
2.5e-6
2.49997e-6
0.00105143
2.5e-6
2.50004e-6
-0.00147581
2.5e-6
2.49998e-6
0.00087738
2.5e-6
2.50003e-6
-0.00136614
2.5e-6
2.49994e-6
0.00246763
2.5e-6
2.50002e-6
-0.000653267
2.5e-6
2.49999e-6
0.000376701
2.5e-6
2.50003e-6
-0.00114441
2.5e-6
2.5e-6
0.000135899
2.5e-6
2.49998e-6
0.00082016
2.5e-6
2.50003e-6
-0.0012064
2.5e-6
2.49998e-6
0.000844002
2.5e-6
2.50003e-6
-0.00107527
2.5e-6
2.49998e-6
0.000846386
2.5e-6
2.50002e-6
-0.000739098
2.5e-6
2.49999e-6
0.00043869
2.5e-6
2.49997e-6
0.00124931
2.5e-6
2.50003e-6
-0.0013566
2.5e-6
2.49999e-6
0.000493527
2.5e-6
2.5e-6
0.000154972
2.5e-6
2.49999e-6
0.00043869
2.5e-6
2.50003e-6
-0.0010705
2.5e-6
2.49997e-6
0.0010848
2.5e-6
2.50003e-6
-0.00135899
2.5e-6
2.49999e-6
0.000293255
2.5e-6
2.49997e-6
0.00108719
2.5e-6
2.50005e-6
-0.00200987
2.5e-6
2.49995e-6
0.00202179
2.5e-6
2.50001e-6
-0.000562668
2.5e-6
2.49998e-6
0.000674725
2.5e-6
2.50001e-6
-0.00058651
2.5e-6
2.49997e-6
0.0013113
2.5e-6
2.50004e-6
-0.00148773
2.5e-6
2.49999e-6
0.000593662
2.5e-6
2.50001e-6
-0.000576973
2.5e-6
2.49998e-6
0.000917912
2.5e-6
2.50004e-6
-0.00168085
2.5e-6
2.49998e-6
0.000855923
2.5e-6
2.50003e-6
-0.00115633
2.5e-6
2.49998e-6
0.000867844
2.5e-6
2.50002e-6
-0.000941753
2.5e-6
2.49997e-6
0.00127316
2.5e-6
2.50002e-6
-0.000991821
2.5e-6
2.49997e-6
0.00109196
2.5e-6
2.50002e-6
-0.000982285
2.5e-6
2.49998e-6
0.000994206
2.5e-6
2.50001e-6
-0.000538826
2.5e-6
2.49997e-6
0.00106096
2.5e-6
2.50002e-6
-0.000946522
2.5e-6
2.49999e-6
0.000240803
2.5e-6
2.49998e-6
0.000703335
2.5e-6
2.50001e-6
-0.00056982
2.5e-6
2.49996e-6
0.00149727
2.5e-6
2.50002e-6
-0.00068903
2.5e-6
2.49997e-6
0.00118971
2.5e-6
2.50002e-6
-0.000829697
2.5e-6
2.5e-6
0.000164509
2.5e-6
2.50003e-6
-0.0011158
2.5e-6
2.49998e-6
0.000758171
2.5e-6
2.5e-6
-0.000190735
2.5e-6
2.50003e-6
-0.00114441
2.5e-6
2.49999e-6
0.000560284
2.5e-6
2.50002e-6
-0.000669956
2.5e-6
2.49997e-6
0.00100851
2.5e-6
2.50001e-6
-0.000374317
2.5e-6
2.49998e-6
0.000813007
2.5e-6
2.50002e-6
-0.000627041
2.5e-6
2.49997e-6
0.0012064
2.5e-6
2.50002e-6
-0.000772476
2.5e-6
2.49998e-6
0.000822544
2.5e-6
2.50002e-6
-0.000667572
2.5e-6
2.49998e-6
0.000898838
2.5e-6
2.50003e-6
-0.00123024
2.5e-6
2.49999e-6
0.000462532
2.5e-6
2.50003e-6
-0.00115633
2.5e-6
2.49999e-6
0.000526905
2.5e-6
2.5e-6
-8.58307e-5
2.5e-6
2.49998e-6
0.000741482
2.5e-6
2.50003e-6
-0.00108004
2.5e-6
2.49998e-6
0.000853539
2.5e-6
2.50003e-6
-0.00116587
2.5e-6
2.49997e-6
0.00115156
2.5e-6
2.50003e-6
-0.00132799
2.5e-6
2.49998e-6
0.000734329
2.5e-6
2.50003e-6
-0.0011754
2.5e-6
2.49997e-6
0.0011158
2.5e-6
2.50002e-6
-0.000846386
2.5e-6
2.49997e-6
0.00132561
2.5e-6
2.50002e-6
-0.000989437
2.5e-6
2.49998e-6
0.000755787
2.5e-6
2.50001e-6
-0.000288487
2.5e-6
2.49997e-6
0.00124455
2.5e-6
2.5e-6
-0.000112057
2.5e-6
2.50002e-6
-0.000891686
2.5e-6
2.49998e-6
0.000770092
2.5e-6
2.5e-6
-0.000121593
2.5e-6
2.50003e-6
-0.00111103
2.5e-6
2.49998e-6
0.000984669
2.5e-6
2.50002e-6
-0.000941753
2.5e-6
2.49997e-6
0.00130415
2.5e-6
2.50001e-6
-0.000588894
2.5e-6
2.49995e-6
0.00183821
2.5e-6
2.50007e-6
-0.00286341
2.5e-6
2.49992e-6
0.00329733
2.5e-6
2.50005e-6
-0.0019598
2.5e-6
2.49996e-6
0.00150919
2.5e-6
2.50006e-6
-0.0023222
2.5e-6
2.49996e-6
0.00175238
2.5e-6
2.50001e-6
-0.000300407
2.5e-6
2.49998e-6
0.000772476
2.5e-6
2.50001e-6
-0.000550747
2.5e-6
2.50001e-6
-0.000371933
2.5e-6
2.50001e-6
-0.000276566
2.5e-6
2.50001e-6
-0.000257492
2.5e-6
2.50001e-6
-0.000298023
2.5e-6
2.49997e-6
0.00122786
2.5e-6
2.5e-6
-0.000123978
2.5e-6
2.5e-6
-0.000157356
2.5e-6
2.50002e-6
-0.000917912
2.5e-6
2.49998e-6
0.000989437
2.5e-6
2.5e-6
0.000109673
2.5e-6
2.50002e-6
-0.00089407
2.5e-6
2.49997e-6
0.00105143
2.5e-6
2.50001e-6
-0.000550747
2.5e-6
2.50002e-6
-0.000870228
2.5e-6
2.49996e-6
0.00142097
2.5e-6
2.50002e-6
-0.000863075
2.5e-6
2.49997e-6
0.00128508
2.5e-6
2.50001e-6
-0.000317097
2.5e-6
2.50002e-6
-0.000712872
2.5e-6
2.50001e-6
-0.000400543
2.5e-6
2.50001e-6
-0.000462532
2.5e-6
2.49997e-6
0.00131369
2.5e-6
2.50002e-6
-0.000603199
2.5e-6
2.50002e-6
-0.000855923
2.5e-6
2.49997e-6
0.00106335
2.5e-6
2.50001e-6
-0.000295639
2.5e-6
2.50002e-6
-0.000822544
2.5e-6
2.49996e-6
0.00163078
2.5e-6
2.50001e-6
-0.000491142
2.5e-6
2.50001e-6
-0.000367165
2.5e-6
2.50002e-6
-0.000810623
2.5e-6
2.49998e-6
0.000808239
2.5e-6
2.5e-6
-0.000178814
2.5e-6
2.50001e-6
-0.000493527
2.5e-6
2.49996e-6
0.00145435
2.5e-6
2.5e-6
-3.09944e-5
2.5e-6
2.50002e-6
-0.000684261
2.5e-6
2.49996e-6
0.00148773
2.5e-6
2.50005e-6
-0.00208139
2.5e-6
2.49998e-6
0.000700951
2.5e-6
2.50002e-6
-0.000786781
2.5e-6
2.49997e-6
0.00100613
2.5e-6
2.50001e-6
-0.000495911
2.5e-6
2.5e-6
-7.86781e-5
2.5e-6
2.5e-6
-5.24521e-5
2.5e-6
2.49999e-6
0.000329018
2.5e-6
2.50001e-6
-0.000567436
2.5e-6
2.49998e-6
0.000700951
2.5e-6
2.50001e-6
-0.000350475
2.5e-6
2.50003e-6
-0.00118017
2.5e-6
2.49998e-6
0.000879765
2.5e-6
2.50002e-6
-0.000722408
2.5e-6
2.49997e-6
0.00137329
2.5e-6
2.50003e-6
-0.00126362
2.5e-6
2.49998e-6
0.000696182
2.5e-6
2.50001e-6
-0.000524521
2.5e-6
2.49995e-6
0.00180244
2.5e-6
2.50005e-6
-0.00192165
2.5e-6
2.49997e-6
0.00106335
2.5e-6
2.50001e-6
-0.000393391
2.5e-6
2.49998e-6
0.000700951
2.5e-6
2.50004e-6
-0.0016284
2.5e-6
2.49997e-6
0.00125885
2.5e-6
2.50001e-6
-0.000343323
2.5e-6
2.49998e-6
0.00074625
2.5e-6
2.50002e-6
-0.000822544
2.5e-6
2.49998e-6
0.000872612
2.5e-6
2.50001e-6
-0.000538826
2.5e-6
2.5e-6
-5.96047e-5
2.5e-6
2.49999e-6
0.000300407
2.5e-6
2.5e-6
7.39098e-5
2.5e-6
2.50001e-6
-0.000414848
2.5e-6
2.50001e-6
-0.000219345
2.5e-6
2.50001e-6
-0.000431538
2.5e-6
2.49996e-6
0.00142097
2.5e-6
2.50003e-6
-0.00117302
2.5e-6
2.49996e-6
0.00165224
2.5e-6
2.50005e-6
-0.00192165
2.5e-6
2.49995e-6
0.00206232
2.5e-6
2.50005e-6
-0.00200748
2.5e-6
2.49997e-6
0.00108957
2.5e-6
2.50003e-6
-0.00135183
2.5e-6
2.49997e-6
0.00108242
2.5e-6
2.50002e-6
-0.00064373
2.5e-6
2.49997e-6
0.00138998
2.5e-6
2.50001e-6
-0.000321865
2.5e-6
2.5e-6
-0.000119209
2.5e-6
2.50001e-6
-0.00026226
2.5e-6
2.5e-6
9.53674e-6
2.5e-6
2.50003e-6
-0.00101328
2.5e-6
2.49996e-6
0.00161886
2.5e-6
2.50002e-6
-0.000858307
2.5e-6
2.49998e-6
0.00076294
2.5e-6
2.5e-6
7.39098e-5
2.5e-6
2.50003e-6
-0.00100136
2.5e-6
2.49997e-6
0.00113726
2.5e-6
2.50001e-6
-0.000488758
2.5e-6
2.5e-6
-7.86781e-5
2.5e-6
2.5e-6
-9.53674e-6
2.5e-6
2.50002e-6
-0.000610352
2.5e-6
2.49995e-6
0.00204086
2.5e-6
2.50005e-6
-0.00208139
2.5e-6
2.49997e-6
0.00133991
2.5e-6
2.5e-6
-1.19209e-5
2.5e-6
2.50001e-6
-0.000214577
2.5e-6
2.49999e-6
0.000317097
2.5e-6
2.50001e-6
-0.000462532
2.5e-6
2.50001e-6
-0.000479221
2.5e-6
2.50001e-6
-0.000412464
2.5e-6
2.49997e-6
0.00137329
2.5e-6
2.5e-6
-6.19888e-5
2.5e-6
2.5e-6
-0.000114441
2.5e-6
2.50001e-6
-0.000264645
2.5e-6
2.5e-6
3.09944e-5
2.5e-6
2.5e-6
9.05991e-5
2.5e-6
2.50002e-6
-0.000665188
2.5e-6
2.49996e-6
0.00169039
2.5e-6
2.50004e-6
-0.00174522
2.5e-6
2.49994e-6
0.00222445
2.5e-6
2.50005e-6
-0.00216007
2.5e-6
2.49997e-6
0.00105858
2.5e-6
2.50001e-6
-0.000464916
2.5e-6
2.50001e-6
-0.000383854
2.5e-6
2.50002e-6
-0.000898838
2.5e-6
2.49997e-6
0.00104189
2.5e-6
2.5e-6
0.000143051
2.5e-6
2.50001e-6
-0.000247955
2.5e-6
2.50002e-6
-0.000782013
2.5e-6
2.49996e-6
0.00149488
2.5e-6
2.49998e-6
0.000705719
2.5e-6
2.50001e-6
-0.000553131
2.5e-6
2.50001e-6
-0.000200272
2.5e-6
2.5e-6
-4.76837e-5
2.5e-6
2.49999e-6
0.000276566
2.5e-6
2.49999e-6
0.00020504
2.5e-6
2.50002e-6
-0.000646114
2.5e-6
2.5e-6
-0.000195503
2.5e-6
2.50001e-6
-0.000255108
2.5e-6
2.50002e-6
-0.000841618
2.5e-6
2.49996e-6
0.00159979
2.5e-6
2.5e-6
-0.00015974
2.5e-6
2.50001e-6
-0.000412464
2.5e-6
2.50002e-6
-0.000686646
2.5e-6
2.49997e-6
0.00118494
2.5e-6
2.50001e-6
-0.00033617
2.5e-6
2.5e-6
5.00679e-5
2.5e-6
2.50001e-6
-0.000371933
2.5e-6
2.50001e-6
-0.000548363
2.5e-6
2.49997e-6
0.00102758
2.5e-6
2.5e-6
-2.86102e-5
2.5e-6
2.50001e-6
-0.000503063
2.5e-6
2.5e-6
6.4373e-5
2.5e-6
2.5e-6
0.000188351
2.5e-6
2.50001e-6
-0.00030756
2.5e-6
2.50002e-6
-0.000658035
2.5e-6
2.49996e-6
0.00176668
2.5e-6
2.50003e-6
-0.00117779
2.5e-6
2.49996e-6
0.00144005
2.5e-6
2.50004e-6
-0.00169277
2.5e-6
2.49995e-6
0.00185967
2.5e-6
2.50005e-6
-0.00190973
2.5e-6
2.49996e-6
0.00161648
2.5e-6
2.50004e-6
-0.00164509
2.5e-6
2.49996e-6
0.00168562
2.5e-6
2.50005e-6
-0.00197649
2.5e-6
2.49995e-6
0.00181198
2.5e-6
2.50006e-6
-0.00227451
2.5e-6
2.49996e-6
0.00148296
2.5e-6
2.49999e-6
0.000362396
2.5e-6
2.50001e-6
-0.000216961
2.5e-6
2.5e-6
7.6294e-5
2.5e-6
2.50001e-6
-0.000581741
2.5e-6
2.49999e-6
0.000202656
2.5e-6
2.5e-6
-1.43051e-5
2.5e-6
2.49999e-6
0.000309944
2.5e-6
2.50001e-6
-0.000314713
2.5e-6
2.50001e-6
-0.000538826
2.5e-6
2.49995e-6
0.0019002
2.5e-6
2.50006e-6
-0.00223637
2.5e-6
2.49994e-6
0.00259399
2.5e-6
2.50005e-6
-0.00195265
2.5e-6
2.49998e-6
0.000858307
2.5e-6
2.5e-6
-0.000150204
2.5e-6
2.5e-6
-9.53674e-6
2.5e-6
2.5e-6
0.000145435
2.5e-6
2.5e-6
-1.19209e-5
2.5e-6
2.50001e-6
-0.000331402
2.5e-6
2.5e-6
-0.000143051
2.5e-6
2.5e-6
-2.38419e-6
2.5e-6
2.50001e-6
-0.000216961
2.5e-6
2.50001e-6
-0.000476837
2.5e-6
2.49994e-6
0.00222206
2.5e-6
2.50005e-6
-0.00198841
2.5e-6
2.49996e-6
0.00175953
2.5e-6
2.50004e-6
-0.00161409
2.5e-6
2.49996e-6
0.00155449
2.5e-6
2.50005e-6
-0.00209093
2.5e-6
2.49997e-6
0.00133276
2.5e-6
2.50001e-6
-0.000429153
2.5e-6
2.5e-6
-2.14577e-5
2.5e-6
2.5e-6
9.29833e-5
2.5e-6
2.49999e-6
0.0005126
2.5e-6
2.5e-6
0.000109673
2.5e-6
2.49998e-6
0.000782013
2.5e-6
2.50005e-6
-0.00197649
2.5e-6
2.49996e-6
0.001688
2.5e-6
2.50006e-6
-0.00225306
2.5e-6
2.49993e-6
0.0027895
2.5e-6
2.50003e-6
-0.00111341
2.5e-6
2.50001e-6
-0.000419617
2.5e-6
2.49999e-6
0.000371933
2.5e-6
2.49997e-6
0.00125647
2.5e-6
2.50005e-6
-0.00186443
2.5e-6
2.49997e-6
0.0010848
2.5e-6
2.5e-6
-9.29833e-5
2.5e-6
2.5e-6
0.000164509
2.5e-6
2.49999e-6
0.000581741
2.5e-6
2.50004e-6
-0.00174999
2.5e-6
2.49994e-6
0.00255346
2.5e-6
2.50003e-6
-0.00132799
2.5e-6
2.5e-6
0.000154972
2.5e-6
2.5e-6
-1.66893e-5
2.5e-6
2.50001e-6
-0.000302792
2.5e-6
2.49998e-6
0.000665188
2.5e-6
2.50004e-6
-0.00160456
2.5e-6
2.49995e-6
0.0019002
2.5e-6
2.50004e-6
-0.00157356
2.5e-6
2.49995e-6
0.00181437
2.5e-6
2.50006e-6
-0.00227213
2.5e-6
2.49995e-6
0.00206709
2.5e-6
2.50005e-6
-0.00185013
2.5e-6
2.49995e-6
0.00181437
2.5e-6
2.50005e-6
-0.00212193
2.5e-6
2.49997e-6
0.00110865
2.5e-6
2.50001e-6
-0.000267029
2.5e-6
2.5e-6
0.000169277
2.5e-6
2.5e-6
0.000183582
2.5e-6
2.5e-6
0.00017643
2.5e-6
2.49999e-6
0.000309944
2.5e-6
2.5e-6
4.52995e-5
2.5e-6
2.5e-6
0.000154972
2.5e-6
2.50001e-6
-0.00038147
2.5e-6
2.50001e-6
-0.000369549
2.5e-6
2.49999e-6
0.000219345
2.5e-6
2.50001e-6
-0.000348091
2.5e-6
2.49998e-6
0.000760555
2.5e-6
2.50004e-6
-0.00151634
2.5e-6
2.49997e-6
0.00131607
2.5e-6
2.50003e-6
-0.00126123
2.5e-6
2.5e-6
0.000138283
2.5e-6
2.49999e-6
0.000369549
2.5e-6
2.5e-6
-9.53674e-5
2.5e-6
2.49999e-6
0.000259876
2.5e-6
2.5e-6
8.82149e-5
2.5e-6
2.49998e-6
0.000691414
2.5e-6
2.50003e-6
-0.00116825
2.5e-6
2.49999e-6
0.000267029
2.5e-6
2.49999e-6
0.0005126
2.5e-6
2.49999e-6
0.000584126
2.5e-6
2.50005e-6
-0.00183582
2.5e-6
2.49995e-6
0.00201941
2.5e-6
2.50004e-6
-0.00165939
2.5e-6
2.49995e-6
0.00211954
2.5e-6
2.50003e-6
-0.0011611
2.5e-6
2.49999e-6
0.000224113
2.5e-6
2.49999e-6
0.00026226
2.5e-6
2.49999e-6
0.000545979
2.5e-6
2.50006e-6
-0.0023818
2.5e-6
2.49995e-6
0.00219345
2.5e-6
2.50003e-6
-0.0010705
2.5e-6
2.49998e-6
0.000989437
2.5e-6
2.50003e-6
-0.00121355
2.5e-6
2.49998e-6
0.000712872
2.5e-6
2.50003e-6
-0.00133991
2.5e-6
2.50001e-6
-0.000302792
2.5e-6
2.49999e-6
0.000374317
2.5e-6
2.49999e-6
0.00038147
2.5e-6
2.49999e-6
0.000329018
2.5e-6
2.49999e-6
0.00023365
2.5e-6
2.49999e-6
0.000343323
2.5e-6
2.5e-6
-3.09944e-5
2.5e-6
2.49998e-6
0.000700951
2.5e-6
2.50003e-6
-0.00124216
2.5e-6
2.49996e-6
0.00156641
2.5e-6
2.50004e-6
-0.00153542
2.5e-6
2.49997e-6
0.00131369
2.5e-6
2.50002e-6
-0.000662804
2.5e-6
2.49997e-6
0.00109434
2.5e-6
2.50004e-6
-0.00159025
2.5e-6
2.49998e-6
0.00071764
2.5e-6
2.50004e-6
-0.00151396
2.5e-6
2.49999e-6
0.000302792
2.5e-6
2.49998e-6
0.000600815
2.5e-6
2.49998e-6
0.000829697
2.5e-6
2.50003e-6
-0.00115156
2.5e-6
2.49997e-6
0.00138283
2.5e-6
2.50004e-6
-0.00149965
2.5e-6
2.49998e-6
0.00096798
2.5e-6
2.50002e-6
-0.000624657
2.5e-6
2.49998e-6
0.00061512
2.5e-6
2.50003e-6
-0.00112057
2.5e-6
2.49997e-6
0.00108004
2.5e-6
2.50001e-6
-0.000462532
2.5e-6
2.49997e-6
0.00114918
2.5e-6
2.50003e-6
-0.00136614
2.5e-6
2.49997e-6
0.00108957
2.5e-6
2.50003e-6
-0.00112772
2.5e-6
2.5e-6
9.05991e-5
2.5e-6
2.5e-6
0.000193119
2.5e-6
2.49999e-6
0.000452995
2.5e-6
2.50002e-6
-0.000669956
2.5e-6
2.5e-6
0.000169277
2.5e-6
2.49998e-6
0.000784397
2.5e-6
2.50004e-6
-0.00147581
2.5e-6
2.49996e-6
0.00140429
2.5e-6
2.50002e-6
-0.000638962
2.5e-6
2.49998e-6
0.000813007
2.5e-6
2.50003e-6
-0.00123501
2.5e-6
2.49996e-6
0.00141382
2.5e-6
2.5e-6
7.15256e-6
2.5e-6
2.50005e-6
-0.00195026
2.5e-6
2.49994e-6
0.00233173
2.5e-6
2.50002e-6
-0.00064373
2.5e-6
2.49999e-6
0.000317097
2.5e-6
2.50003e-6
-0.00109196
2.5e-6
2.49998e-6
0.000786781
2.5e-6
2.49999e-6
0.00036478
2.5e-6
2.50003e-6
-0.00110865
2.5e-6
2.49997e-6
0.00104189
2.5e-6
2.5e-6
7.6294e-5
2.5e-6
2.50002e-6
-0.000965595
2.5e-6
2.49996e-6
0.00161886
2.5e-6
2.50002e-6
-0.000722408
2.5e-6
2.49998e-6
0.000662804
2.5e-6
2.50002e-6
-0.00067234
2.5e-6
2.49997e-6
0.0013566
2.5e-6
2.50002e-6
-0.000810623
2.5e-6
2.49997e-6
0.00111818
2.5e-6
2.50001e-6
-0.000538826
2.5e-6
2.50001e-6
-0.000367165
2.5e-6
2.50003e-6
-0.00126839
2.5e-6
2.49996e-6
0.00146389
2.5e-6
2.50001e-6
-0.00043869
2.5e-6
2.50001e-6
-0.000371933
2.5e-6
2.49996e-6
0.00143528
2.5e-6
2.50001e-6
-0.000572205
2.5e-6
2.50001e-6
-0.000231266
2.5e-6
2.50001e-6
-0.000221729
2.5e-6
2.50001e-6
-0.000443459
2.5e-6
2.49999e-6
0.0005126
2.5e-6
2.50003e-6
-0.00108242
2.5e-6
2.49998e-6
0.000963211
2.5e-6
2.50003e-6
-0.00121117
2.5e-6
2.49996e-6
0.00163078
2.5e-6
2.50002e-6
-0.000965595
2.5e-6
2.49997e-6
0.00109911
2.5e-6
2.50001e-6
-0.00038147
2.5e-6
2.50003e-6
-0.00122786
2.5e-6
2.49998e-6
0.000891686
2.5e-6
2.5e-6
-4.05312e-5
2.5e-6
2.50001e-6
-0.000331402
2.5e-6
2.49997e-6
0.00113726
2.5e-6
2.50003e-6
-0.00129938
2.5e-6
2.49997e-6
0.00139713
2.5e-6
2.50002e-6
-0.000910759
2.5e-6
2.49999e-6
0.000572205
2.5e-6
2.50001e-6
-0.000305176
2.5e-6
2.50002e-6
-0.000970364
2.5e-6
2.49997e-6
0.0012207
2.5e-6
2.50001e-6
-0.000548363
2.5e-6
2.49997e-6
0.00133991
2.5e-6
2.50003e-6
-0.00124693
2.5e-6
2.49998e-6
0.00086546
2.5e-6
2.50003e-6
-0.00106096
2.5e-6
2.49998e-6
0.000760555
2.5e-6
2.50001e-6
-0.000545979
2.5e-6
2.50001e-6
-0.00030756
2.5e-6
2.49998e-6
0.00074625
2.5e-6
2.50003e-6
-0.00137806
2.5e-6
2.49997e-6
0.00124931
2.5e-6
2.50002e-6
-0.000929833
2.5e-6
2.49997e-6
0.00133514
2.5e-6
2.50001e-6
-0.000338554
2.5e-6
2.50001e-6
-0.000498295
2.5e-6
2.49997e-6
0.00127792
2.5e-6
2.50002e-6
-0.000879765
2.5e-6
2.49999e-6
0.000476837
2.5e-6
2.50002e-6
-0.000867844
2.5e-6
2.49998e-6
0.000908375
2.5e-6
2.5e-6
-2.6226e-5
2.5e-6
2.50004e-6
-0.00169277
2.5e-6
2.49999e-6
0.000360012
2.5e-6
2.50004e-6
-0.00164032
2.5e-6
2.49998e-6
0.000622273
2.5e-6
2.49997e-6
0.00118017
2.5e-6
2.50001e-6
-0.000531673
2.5e-6
2.49997e-6
0.00102758
2.5e-6
2.50002e-6
-0.000710487
2.5e-6
2.49997e-6
0.00109196
2.5e-6
2.50002e-6
-0.000832081
2.5e-6
2.49997e-6
0.00103951
2.5e-6
2.50002e-6
-0.000970364
2.5e-6
2.49998e-6
0.000898838
2.5e-6
2.50001e-6
-0.00043869
2.5e-6
2.50003e-6
-0.00100136
2.5e-6
2.49998e-6
0.000846386
2.5e-6
2.50002e-6
-0.000946522
2.5e-6
2.49997e-6
0.00121355
2.5e-6
2.50001e-6
-0.000493527
2.5e-6
2.49997e-6
0.0011158
2.5e-6
2.50001e-6
-0.000293255
2.5e-6
2.50001e-6
-0.000507832
2.5e-6
2.50001e-6
-0.000247955
2.5e-6
2.50001e-6
-0.000417233
2.5e-6
2.49998e-6
0.00071764
2.5e-6
2.50004e-6
-0.00142097
2.5e-6
2.49998e-6
0.000932217
2.5e-6
2.50003e-6
-0.00110388
2.5e-6
2.49998e-6
0.000946522
2.5e-6
2.50002e-6
-0.000929833
2.5e-6
2.49997e-6
0.00134945
2.5e-6
2.50001e-6
-0.000314713
2.5e-6
2.49996e-6
0.00145912
2.5e-6
2.5e-6
-3.33786e-5
2.5e-6
2.50001e-6
-0.000257492
2.5e-6
2.50002e-6
-0.00066042
2.5e-6
2.50001e-6
-0.000488758
2.5e-6
2.49997e-6
0.0012064
2.5e-6
2.50001e-6
-0.00054121
2.5e-6
2.50003e-6
-0.00101805
2.5e-6
2.49998e-6
0.000782013
2.5e-6
2.50002e-6
-0.000896454
2.5e-6
2.49997e-6
0.00109911
2.5e-6
2.50002e-6
-0.000908375
2.5e-6
2.49998e-6
0.000822544
2.5e-6
2.5e-6
-1.43051e-5
2.5e-6
2.50003e-6
-0.00134707
2.5e-6
2.49997e-6
0.00119448
2.5e-6
2.50003e-6
-0.00120163
2.5e-6
2.49996e-6
0.00169754
2.5e-6
2.50001e-6
-0.00033617
2.5e-6
2.50001e-6
-0.000526905
2.5e-6
2.49998e-6
0.000610352
2.5e-6
2.50002e-6
-0.000789166
2.5e-6
2.49997e-6
0.00109673
2.5e-6
2.50001e-6
-0.0004673
2.5e-6
2.5e-6
-0.00014782
2.5e-6
2.50003e-6
-0.0012064
2.5e-6
2.49996e-6
0.00152826
2.5e-6
2.50003e-6
-0.00119686
2.5e-6
2.49997e-6
0.00138044
2.5e-6
2.50002e-6
-0.000901222
2.5e-6
2.49998e-6
0.000977516
2.5e-6
2.50003e-6
-0.00121117
2.5e-6
2.49996e-6
0.00157356
2.5e-6
2.50001e-6
-0.000407696
2.5e-6
2.50001e-6
-0.00035286
2.5e-6
2.50001e-6
-0.000503063
2.5e-6
2.49997e-6
0.00120401
2.5e-6
2.50002e-6
-0.000793934
2.5e-6
2.49997e-6
0.00129223
2.5e-6
2.50002e-6
-0.000948906
2.5e-6
2.50001e-6
-0.000221729
2.5e-6
2.50002e-6
-0.000972748
2.5e-6
2.49998e-6
0.000991821
2.5e-6
2.50001e-6
-0.000560284
2.5e-6
2.49999e-6
0.000550747
2.5e-6
2.50001e-6
-0.000443459
2.5e-6
2.49996e-6
0.00155926
2.5e-6
2.50006e-6
-0.00226736
2.5e-6
2.49998e-6
0.00071764
2.5e-6
2.50002e-6
-0.000610352
2.5e-6
2.49997e-6
0.00100374
2.5e-6
2.50002e-6
-0.000841618
2.5e-6
2.49997e-6
0.00106096
2.5e-6
2.50001e-6
-0.000402927
2.5e-6
2.50002e-6
-0.000741482
2.5e-6
2.49997e-6
0.00110149
2.5e-6
2.50004e-6
-0.00154018
2.5e-6
2.49997e-6
0.00116825
2.5e-6
2.50003e-6
-0.0011611
2.5e-6
2.49998e-6
0.00099659
2.5e-6
2.50001e-6
-0.000526905
2.5e-6
2.49999e-6
0.000417233
2.5e-6
2.50002e-6
-0.000836849
2.5e-6
2.49998e-6
0.000858307
2.5e-6
2.5e-6
-2.38419e-5
2.5e-6
2.50001e-6
-0.000348091
2.5e-6
2.49998e-6
0.000882149
2.5e-6
2.5e-6
-0.000185967
2.5e-6
2.50002e-6
-0.00089407
2.5e-6
2.49996e-6
0.0014019
2.5e-6
2.50001e-6
-0.000393391
2.5e-6
2.50002e-6
-0.000607967
2.5e-6
2.49997e-6
0.00117779
2.5e-6
2.50002e-6
-0.000665188
2.5e-6
2.49998e-6
0.000925064
2.5e-6
2.50001e-6
-0.000443459
2.5e-6
2.50004e-6
-0.00156403
2.5e-6
2.49999e-6
0.000507832
2.5e-6
2.5e-6
0.000195503
2.5e-6
2.50001e-6
-0.000562668
2.5e-6
2.49997e-6
0.00111818
2.5e-6
2.50002e-6
-0.000679493
2.5e-6
2.49997e-6
0.00102758
2.5e-6
2.50002e-6
-0.000622273
2.5e-6
2.49998e-6
0.000932217
2.5e-6
2.49999e-6
0.000264645
2.5e-6
2.50004e-6
-0.00144243
2.5e-6
2.49998e-6
0.000641346
2.5e-6
2.50002e-6
-0.00084877
2.5e-6
2.49996e-6
0.00146389
