0.0025
0.00249996
0.00167608
0.0025
0.00249999
0.000555515
0.0025
0.00249997
0.00132322
0.0025
0.00250001
-0.000331402
0.0025
0.00249996
0.00155926
0.0025
0.00250001
-0.000293255
0.0025
0.00249996
0.00160456
0.0025
0.00250001
-0.000236034
0.0025
0.00249997
0.0010848
0.0025
0.00249999
0.000305176
0.0025
0.00250003
-0.00102758
0.0025
0.00249996
0.00154734
0.0025
0.00250002
-0.000605583
0.0025
0.00250001
-0.00020504
0.0025
0.0025
0.000162125
0.0025
0.00250002
-0.000855923
0.0025
0.00249995
0.00196457
0.0025
0.00250001
-0.000386238
0.0025
0.0025
-5.24521e-5
0.0025
0.00250002
-0.000686646
0.0025
0.00250001
-0.000386238
0.0025
0.00250001
-0.000326633
0.0025
0.00250001
-0.000247955
0.0025
0.00249998
0.000684261
0.0025
0.00250001
-0.000209808
0.0025
0.00250001
-0.000221729
0.0025
0.00250001
-0.000236034
0.0025
0.0025
-0.000150204
0.0025
0.00250002
-0.00068903
0.0025
0.00249995
0.00203371
0.0025
0.00250001
-0.000312328
0.0025
0.00250002
-0.000972748
0.0025
0.00249998
0.000982285
0.0025
0.00250002
-0.00082016
0.0025
0.00249996
0.00155687
0.0025
0.00250001
-0.000252724
0.0025
0.00250002
-0.000627041
0.0025
0.00249996
0.00162601
0.0025
0.00250003
-0.00125647
0.0025
0.00249998
0.000910759
0.0025
0.0025
-4.76837e-6
0.0025
0.00249974
0.0105619
0.0025
0.00249969
0.0123453
0.0025
0.00249977
0.00909567
0.0025
0.00249981
0.00748158
0.0025
0.00249983
0.00674248
0.0025
0.00249986
0.00552893
0.0025
0.00249987
0.00530958
0.0025
0.00249992
0.00325203
0.0025
0.00249991
0.00345945
0.0025
0.00249991
0.00371933
0.0025
0.00249998
0.000677109
0.0025
0.00249993
0.00273705
0.0025
0.00249996
0.00179291
0.0025
0.00249996
0.00145197
0.0025
0.00249997
0.00138044
0.0025
0.00250001
-0.000333786
0.0025
0.00249996
0.00175476
0.0025
0.00250002
-0.000963211
0.0025
0.00249995
0.00205278
0.0025
0.00250001
-0.00054121
0.0025
0.00249997
0.00137329
0.0025
0.00249998
0.000739098
0.0025
0.0025
-0.000169277
0.0025
0.00250003
-0.00101566
0.0025
0.00249996
0.00161171
0.0025
0.00250001
-0.00038147
0.0025
0.00250001
-0.000450611
0.0025
0.00250001
-0.00058651
0.0025
0.00249996
0.00145912
0.0025
0.0025
2.86102e-5
0.0025
0.00250001
-0.000445843
0.0025
0.00250001
-0.000417233
0.0025
0.00250003
-0.00104904
0.0025
0.00249997
0.0011611
0.0025
0.00250002
-0.000741482
0.0025
0.00249996
0.0016284
0.0025
0.00250001
-0.000388622
0.0025
0.00250001
-0.000491142
0.0025
0.00250002
-0.000646114
0.0025
0.00249998
0.000870228
0.0025
0.00250001
-0.000469685
0.0025
0.0025
-0.000188351
0.0025
0.00250001
-0.00038147
0.0025
0.00249998
0.000977516
0.0025
0.00250003
-0.0013566
0.0025
0.00249998
0.000982285
0.0025
0.00250001
-0.000255108
0.0025
0.00250001
-0.000417233
0.0025
0.00250002
-0.000963211
0.0025
0.00250047
-0.0187635
0.0025
0.00250016
-0.00634193
0.0025
0.00250023
-0.00936985
0.0025
0.00250015
-0.00583172
0.0025
0.00250015
-0.00587463
0.0025
0.00250015
-0.0058651
0.0025
0.00250012
-0.00462771
0.0025
0.00250006
-0.00230551
0.0025
0.00250012
-0.00490665
0.0025
0.00250003
-0.00123024
0.0025
0.00250005
-0.00183344
0.0025
0.00250007
-0.00288963
0.0025
0.00250002
-0.000929833
0.0025
0.00250006
-0.00235081
0.0025
0.00250002
-0.000622273
0.0025
0.00250002
-0.00068903
0.0025
0.00250002
-0.000720024
0.0025
0.00250003
-0.001297
0.0025
0.00250002
-0.000853539
0.0025
0.00250001
-0.000529289
0.0025
0.00250001
-0.000503063
0.0025
0.00250003
-0.00104666
0.0025
0.00249996
0.00151396
0.0025
0.00250002
-0.00068903
0.0025
0.00250002
-0.000724793
0.0025
0.00249997
0.00127077
0.0025
0.00250002
-0.00068903
0.0025
0.00249998
0.000851154
0.0025
0.00250001
-0.000312328
0.0025
0.00250001
-0.000317097
0.0025
0.00250002
-0.000872612
0.0025
0.00249996
0.00140667
0.0025
0.00250001
-0.000507832
0.0025
0.00250002
-0.000631809
0.0025
0.00249996
0.00142097
0.0025
0.00250002
-0.000658035
0.0025
0.00250002
-0.000915527
0.0025
0.00249996
0.00142097
