0.0025
0.00249998
0.000929833
0.0025
0.00249997
0.00114203
0.0025
0.00249998
0.000884533
0.0025
0.00249999
0.000338554
0.0025
0.00249998
0.000891686
0.0025
0.00249997
0.00109434
0.0025
0.00249995
0.00201702
0.0025
0.00250002
-0.000884533
0.0025
0.00249993
0.00299692
0.0025
0.00250002
-0.000617504
0.0025
0.00249999
0.000464916
0.0025
0.00249998
0.000920296
0.0025
0.00249998
0.000741482
0.0025
0.00249998
0.000607967
0.0025
0.00249996
0.0017786
0.0025
0.00250001
-0.000321865
0.0025
0.00249997
0.00123501
0.0025
0.00249997
0.00108004
0.0025
0.00249997
0.00112772
0.0025
0.00249995
0.00183582
0.0025
0.0025
-0.000119209
0.0025
0.00249997
0.00108242
0.0025
0.00249997
0.00130892
0.0025
0.0025
-7.86781e-5
0.0025
0.00249982
0.00737429
0.0025
0.00249959
0.0164437
0.0025
0.00249979
0.00833273
0.0025
0.00249963
0.0147748
0.0025
0.00249978
0.00861883
0.0025
0.0024997
0.0120902
0.0025
0.00249974
0.0102353
0.0025
0.00249974
0.0102687
0.0025
0.00249973
0.0107479
0.0025
0.00249974
0.010426
0.0025
0.00249974
0.0102401
0.0025
0.00249973
0.0106907
0.0025
0.0024998
0.00807285
0.0025
0.00249974
0.0103712
0.0025
0.00249979
0.00833273
0.0025
0.00249973
0.010848
0.0025
0.00249977
0.00905275
0.0025
0.00249979
0.00832558
0.0025
0.00249979
0.00847101
0.0025
0.00249979
0.00845194
0.0025
0.0024998
0.00817537
0.0025
0.0024998
0.00808001
0.0025
0.0024998
0.00806332
0.0025
0.00249981
0.00779629
0.0025
0.0024998
0.00813007
0.0025
0.0024998
0.00819206
0.0025
0.00249985
0.00605583
0.0025
0.0024998
0.00786305
0.0025
0.00249983
0.00684261
0.0025
0.00249979
0.008533
0.0025
0.00249984
0.00649214
0.0025
0.00249979
0.00820398
0.0025
0.00249983
0.00664711
0.0025
0.00249983
0.00683308
0.0025
0.00249984
0.0063014
0.0025
0.00249983
0.00689983
0.0025
0.00249983
0.00674009
0.0025
0.00249983
0.00681877
0.0025
0.00249983
0.00670433
0.0025
0.00249983
0.00689507
0.0025
0.00249987
0.00531673
0.0025
0.00249984
0.00659943
0.0025
0.00249988
0.00469208
0.0025
0.00249985
0.00595331
0.0025
0.00249987
0.00532627
0.0025
0.00249983
0.00687838
0.0025
0.00249988
0.00477552
0.0025
0.00249984
0.00635386
0.0025
0.00249988
0.00478029
0.0025
0.00249989
0.00448704
0.0025
0.00249989
0.00453949
0.0025
0.00249989
0.00427961
0.0025
0.00249988
0.00461578
0.0025
0.00249987
0.00515223
0.0025
0.00249988
0.0047946
0.0025
0.00249991
0.00368834
0.0025
0.00249988
0.00463724
0.0025
0.00249989
0.00445366
0.0025
0.00249986
0.00575543
0.0025
0.00249993
0.00261784
0.0025
0.00249984
0.00647545
0.0025
0.00249992
0.00306845
0.0025
0.00249987
0.00513554
0.0025
0.00249997
0.00108957
0.0025
0.00250033
-0.0133729
0.0025
0.00250008
-0.00300646
0.0025
0.00250024
-0.00959635
0.0025
0.00250013
-0.00501871
0.0025
0.00250019
-0.00750065
0.0025
0.00250015
-0.00591278
0.0025
0.0025002
-0.00798225
0.0025
0.00250017
-0.00661612
0.0025
0.00250017
-0.00685692
0.0025
0.00250015
-0.00588417
0.0025
0.00250017
-0.00696182
0.0025
0.00250015
-0.00610113
0.0025
0.00250018
-0.00722408
0.0025
0.00250012
-0.00463009
0.0025
0.00250015
-0.0061965
0.0025
0.00250012
-0.00495911
0.0025
0.00250015
-0.00619412
0.0025
0.00250013
-0.00505209
0.0025
0.00250016
-0.0063014
0.0025
0.00250011
-0.00448465
0.0025
0.00250017
-0.00674725
0.0025
0.0025001
-0.00383139
