0.0025
0.00249997
0.00119925
0.0025
0.00249999
0.00056982
0.0025
0.00249998
0.000724793
0.0025
0.00249997
0.0013566
0.0025
0.00249996
0.00159264
0.0025
0.00249998
0.000941753
0.0025
0.00249996
0.00148296
0.0025
0.00250003
-0.00129223
0.0025
0.00249997
0.00125647
0.0025
0.00249999
0.000469685
0.0025
0.00249997
0.00131845
0.0025
0.0025
-0.000169277
0.0025
0.00249998
0.000896454
0.0025
0.00249997
0.00112057
0.0025
0.0025
7.6294e-5
0.0025
0.00249997
0.00132322
0.0025
0.00250002
-0.000743866
0.0025
0.00249997
0.0011301
0.0025
0.00250003
-0.00109434
0.0025
0.00249997
0.00105381
0.0025
0.00250002
-0.000751019
0.0025
0.00249997
0.00130653
0.0025
0.00250003
-0.00101805
0.0025
0.00249997
0.00102282
0.0025
0.00250001
-0.000207424
0.0025
0.00249997
0.00102043
0.0025
0.00250002
-0.000696182
0.0025
0.00249996
0.00144005
0.0025
0.00250001
-0.000374317
0.0025
0.00249997
0.001266
0.0025
0.00250001
-0.000555515
0.0025
0.00249981
0.00752449
0.0025
0.00249959
0.0162888
0.0025
0.00249977
0.00923872
0.0025
0.0024997
0.0120354
0.0025
0.00249974
0.0105357
0.0025
0.00249973
0.0107455
0.0025
0.00249974
0.0102329
0.0025
0.00249978
0.00862599
0.0025
0.00249973
0.0107861
0.0025
0.00249981
0.0077343
0.0025
0.00249979
0.00851393
0.0025
0.00249977
0.00902653
0.0025
0.00249983
0.00680685
0.0025
0.00249979
0.00838757
0.0025
0.00249985
0.0058651
0.0025
0.0024998
0.00804186
0.0025
0.00249983
0.00664234
0.0025
0.00249983
0.00667334
0.0025
0.00249983
0.00665665
0.0025
0.00249987
0.00515699
0.0025
0.00249982
0.00732184
0.0025
0.00249989
0.00446081
0.0025
0.00249989
0.00425577
0.0025
0.00249987
0.00506401
0.0025
0.00249988
0.00475884
0.0025
0.0024999
0.00407696
0.0025
0.00249988
0.00475407
0.0025
0.00249988
0.00482798
0.0025
0.00249993
0.00299931
0.0025
0.00249988
0.00478029
0.0025
0.00249994
0.00259399
0.0025
0.00249988
0.00468493
0.0025
0.00249992
0.00310421
0.0025
0.00249992
0.00318289
0.0025
0.00249993
0.00279188
0.0025
0.00249993
0.00291824
0.0025
0.00249993
0.00269175
0.0025
0.00249993
0.00290871
0.0025
0.00249994
0.00220537
0.0025
0.00249994
0.00244141
0.0025
0.00249993
0.00275135
0.0025
0.00249993
0.00295162
0.0025
0.00249992
0.00301838
0.0025
0.00249997
0.00100851
0.0025
0.00249993
0.00281096
0.0025
0.00249999
0.000588894
0.0025
0.00249994
0.00229359
0.0025
0.00249998
0.00086546
0.0025
0.00249995
0.00210047
0.0025
0.00249998
0.000805855
0.0025
0.00249995
0.00219345
0.0025
0.00249997
0.00110865
0.0025
0.00249994
0.00258923
0.0025
0.00249999
0.0005126
0.0025
0.00249991
0.0035429
0.0025
0.00250002
-0.000936985
0.0025
0.00249993
0.00261545
0.0025
0.00249999
0.000498295
0.0025
0.00249999
0.000345707
0.0025
0.00249995
0.00215769
0.0025
0.00249999
0.000383854
0.0025
0.00249998
0.0009799
0.0025
0.00249998
0.000674725
0.0025
0.00249997
0.00100136
0.0025
0.00249996
0.00140667
0.0025
0.0025
0.000183582
0.0025
0.00249998
0.000813007
0.0025
0.00249999
0.000271797
0.0025
0.00249997
0.00120163
0.0025
0.00249999
0.000281334
0.0025
0.00249996
0.00148058
0.0025
0.00249997
0.00133753
0.0025
0.00249997
0.00123262
0.0025
0.00249996
0.00141144
0.0025
0.00249999
0.000486374
0.0025
0.00249999
0.0005126
0.0025
0.00249999
0.000588894
0.0025
0.00249997
0.00111818
0.0025
0.00249999
0.000529289
0.0025
0.00249998
0.000677109
0.0025
0.00249998
0.000734329
0.0025
0.00249997
0.00134468
0.0025
0.00250002
-0.00089407
0.0025
0.00249998
0.000624657
0.0025
0.00249998
0.00086546
0.0025
0.00249998
0.000948906
0.0025
0.00249996
0.00170231
0.0025
0.00250001
-0.000598431
0.0025
0.00249999
0.000519753
0.0025
0.00249997
0.00132084
0.0025
0.00250001
-0.000371933
0.0025
0.00249996
0.00140905
0.0025
0.00250003
-0.00113726
0.0025
0.00249997
0.00109434
0.0025
0.00250002
-0.000667572
0.0025
0.00249999
0.000422001
0.0025
0.00249997
0.00137568
0.0025
0.00250004
-0.00142097
0.0025
0.00249997
0.00101089
0.0025
0.00250003
-0.00129461
0.0025
0.00249998
0.000793934
0.0025
0.00250003
-0.00114918
0.0025
0.00249999
0.000534058
0.0025
0.00249999
0.0005579
0.0025
0.00250004
-0.00174999
0.0025
0.00249999
0.000462532
0.0025
0.00249998
0.000891686
0.0025
0.00250003
-0.00123501
0.0025
0.00249998
0.000872612
0.0025
0.00250003
-0.00120878
0.0025
0.00249998
0.000867844
0.0025
0.00250001
-0.000443459
0.0025
0.00250038
-0.0153708
0.0025
0.0025002
-0.00805378
0.0025
0.00250035
-0.0140882
0.0025
0.0025002
-0.00808477
0.0025
0.00250031
-0.0122762
0.0025
0.0025002
-0.00786781
0.0025
0.00250026
-0.0105333
0.0025
0.0025002
-0.00789881
0.0025
0.00250019
-0.00778437
0.0025
0.00250021
-0.0082922
0.0025
0.00250019
-0.00764847
0.0025
0.00250022
-0.008986
0.0025
0.00250015
-0.00597477
0.0025
0.00250021
-0.00820637
0.0025
0.00250014
-0.00567913
0.0025
0.00250016
-0.00640154
0.0025
0.00250015
-0.00616789
0.0025
0.00250017
-0.00663996
0.0025
0.00250011
-0.00427961
0.0025
0.00250015
-0.0059247
0.0025
0.00250012
-0.00493765
0.0025
0.00250012
-0.0046587
0.0025
0.00250012
-0.00482321
0.0025
0.00250013
-0.00501633
0.0025
0.00250011
-0.0043416
0.0025
0.00250013
-0.00502348
0.0025
0.00250012
-0.00467539
0.0025
0.00250011
-0.00453711
0.0025
0.00250007
-0.00268459
0.0025
0.00250011
-0.00434637
0.0025
0.00250007
-0.00294209
0.0025
0.0025001
-0.00404358
0.0025
0.00250007
-0.00287056
0.0025
0.00250007
-0.00270844
0.0025
0.00250007
-0.00262022
0.0025
0.00250008
-0.00331879
0.0025
0.00250005
-0.00203133
0.0025
0.00250006
-0.0023675
0.0025
0.00250006
-0.0023675
0.0025
0.00250007
-0.00291109
