0.0025
0.00249994
0.00222445
0.0025
0.0025
8.10623e-5
0.0025
0.00249997
0.00124693
0.0025
0.0025
5.48363e-5
0.0025
0.00250001
-0.000236034
0.0025
0.0025
0.000174046
0.0025
0.0025
0.000154972
0.0025
0.0025
-2.38419e-6
0.0025
0.0025
-0.000188351
0.0025
0.0025
0.00014782
0.0025
0.0025
-0.000128746
0.0025
0.0025
-1.66893e-5
0.0025
0.00249999
0.000371933
0.0025
0.0025
-0.000133514
0.0025
0.0025
-0.000183582
0.0025
0.00250001
-0.000495911
0.0025
0.00249999
0.000383854
0.0025
0.00250003
-0.00116587
0.0025
0.00249996
0.00159025
0.0025
0.0025
0.000121593
0.0025
0.00250001
-0.000314713
0.0025
0.00250001
-0.000550747
0.0025
0.00250001
-0.000264645
0.0025
0.00249999
0.000257492
0.0025
0.00249999
0.000200272
0.0025
0.00250001
-0.000391007
0.0025
0.00249996
0.00150681
0.0025
0.00250004
-0.00150681
0.0025
0.00249995
0.00200033
0.0025
0.00250006
-0.00243187
0.0025
0.0024997
0.0121236
0.0025
0.00249983
0.00694513
0.0025
0.00249981
0.00747442
0.0025
0.00249995
0.00187635
0.0025
0.00249989
0.00425816
0.0025
0.0025
3.8147e-5
0.0025
0.00249991
0.00378609
0.0025
0.00250005
-0.00210524
0.0025
0.0024999
0.00386477
0.0025
0.00250004
-0.00173092
0.0025
0.00249995
0.0018096
0.0025
0.00250006
-0.00242472
0.0025
0.00249996
0.00141859
0.0025
0.00250002
-0.000612736
0.0025
0.00249996
0.0014472
0.0025
0.0025
-0.000119209
0.0025
0.0025
0.000104904
0.0025
0.00249998
0.000846386
0.0025
0.00250001
-0.000536442
0.0025
0.00250001
-0.000224113
0.0025
0.00250002
-0.000770092
0.0025
0.0025
4.76837e-6
0.0025
0.00249999
0.000395775
0.0025
0.00249999
0.000531673
0.0025
0.00249999
0.000226498
0.0025
0.00249999
0.000479221
0.0025
0.0025
-6.19888e-5
0.0025
0.0025
3.09944e-5
0.0025
0.00250001
-0.000393391
0.0025
0.00249999
0.000376701
0.0025
0.0025
4.52995e-5
0.0025
0.0025
-2.14577e-5
0.0025
0.00249964
0.0144768
0.0025
0.00250093
-0.0371623
0.0025
0.0024997
0.012033
0.0025
0.00250054
-0.0217843
0.0025
0.00249979
0.00847578
0.0025
0.00250033
-0.0133491
0.0025
0.00249982
0.00735283
0.0025
0.00250019
-0.00765324
0.0025
0.0024999
0.00384808
0.0025
0.00250009
-0.00375748
0.0025
0.00249995
0.00185251
0.0025
0.00250006
-0.00240326
0.0025
0.00249995
0.00193119
0.0025
0.00250003
-0.00130892
0.0025
0.0025
-0.000104904
0.0025
0.0025
-0.000112057
0.0025
0.00249999
0.000331402
0.0025
0.00250002
-0.000641346
0.0025
0.00249999
0.000417233
0.0025
0.00250001
-0.000219345
0.0025
0.00250001
-0.00020504
0.0025
0.00250002
-0.000669956
0.0025
0.00249995
0.00203848
0.0025
0.00250005
-0.00183344
0.0025
0.00249996
0.00147581
0.0025
0.00250005
-0.00214577
0.0025
0.00249996
0.00152588
0.0025
0.00249999
0.000460148
0.0025
0.0025
0.000195503
0.0025
0.0025
7.15256e-6
0.0025
0.00250002
-0.000879765
0.0025
0.00250001
-0.000500679
0.0025
0.00249999
0.000450611
0.0025
0.00250001
-0.000524521
0.0025
0.00250001
-0.000209808
0.0025
0.00250001
-0.000281334
0.0025
0.00249997
0.00135183
0.0025
0.0025
-1.19209e-5
0.0025
0.00250001
-0.000448227
0.0025
0.0025
0.000104904
0.0025
0.00250001
-0.000252724
0.0025
0.00250002
-0.000810623
