0.0025
0.00249986
0.00544787
0.0025
0.00250003
-0.00107288
0.0025
0.00249993
0.00297546
0.0025
0.00250003
-0.001297
0.0025
0.00249993
0.00272036
0.0025
0.00250003
-0.00110865
0.0025
0.00249998
0.000691414
0.0025
0.00249998
0.000870228
0.0025
0.00250001
-0.000219345
0.0025
0.00249998
0.000963211
0.0025
0.00250001
-0.000560284
0.0025
0.00249998
0.000805855
0.0025
0.00250002
-0.000712872
0.0025
0.00249998
0.000975132
0.0025
0.00250002
-0.00086546
0.0025
0.00249997
0.00100374
0.0025
0.00250002
-0.00089407
0.0025
0.00249999
0.000398159
0.0025
0.00250001
-0.000572205
0.0025
0.00249998
0.000834465
0.0025
0.00250003
-0.00102282
0.0025
0.00249996
0.00155687
0.0025
0.00250001
-0.00043869
0.0025
0.00250001
-0.000550747
0.0025
0.00250001
-0.000574589
0.0025
0.0025
5.48363e-5
0.0025
0.00250002
-0.000989437
0.0025
0.00249999
0.000209808
0.0025
0.00249997
0.00102758
0.0025
0.00250003
-0.00100613
0.0025
0.00249998
0.000789166
0.0025
0.00250002
-0.000944138
0.0025
0.00249997
0.00136375
0.0025
0.00250003
-0.00115395
0.0025
0.00249998
0.000617504
0.0025
0.00250003
-0.00115395
0.0025
0.00249998
0.000991821
0.0025
0.00250001
-0.000362396
0.0025
0.00249998
0.000636578
0.0025
0.00250001
-0.000531673
0.0025
0.00249997
0.0013113
0.0025
0.00250004
-0.00140429
0.0025
0.00249998
0.000936985
0.0025
0.00250001
-0.00041008
0.0025
0.00249999
0.000290871
0.0025
0.00250002
-0.000793934
0.0025
0.00249997
0.0010848
0.0025
0.00250004
-0.00178576
0.0025
0.00249999
0.000598431
0.0025
0.00250005
-0.00196219
0.0025
0.00249992
0.0030756
0.0025
0.00250007
-0.00282288
0.0025
0.00249993
0.00277758
0.0025
0.00250006
-0.00249386
0.0025
0.00249993
0.00283241
0.0025
0.00250007
-0.00296116
0.0025
0.00249993
0.00283003
0.0025
0.00250008
-0.00310898
0.0025
0.00249994
0.00231743
0.0025
0.00250003
-0.00107765
0.0025
0.00249999
0.000526905
0.0025
0.00249998
0.000803471
0.0025
0.00250002
-0.000710487
0.0025
0.00249998
0.000841618
0.0025
0.00250002
-0.000755787
0.0025
0.00249998
0.000870228
0.0025
0.00250001
-0.00056982
0.0025
0.00249998
0.000619888
0.0025
0.00250002
-0.000844002
0.0025
0.00249998
0.000622273
0.0025
0.00250001
-0.000419617
0.0025
0.00249997
0.00107527
0.0025
0.00250003
-0.00124693
0.0025
0.00249999
0.000503063
0.0025
0.00250003
-0.00103951
0.0025
0.00249947
0.0212145
0.0025
0.00250007
-0.0026226
0.0025
0.00249969
0.0122571
0.0025
0.00250008
-0.00315666
0.0025
0.00249981
0.0075388
0.0025
0.00250006
-0.00256062
0.0025
0.0024999
0.00396013
0.0025
0.00250003
-0.00112057
0.0025
0.0025
0.000107288
0.0025
0.00249998
0.000627041
0.0025
0.00249999
0.000207424
0.0025
0.00249998
0.000936985
0.0025
0.00250004
-0.00148058
0.0025
0.0025
0.000197887
0.0025
0.0025
0.000145435
0.0025
0.00249996
0.00146389
0.0025
0.00250005
-0.00192881
0.0025
0.00249995
0.00194073
0.0025
0.00250004
-0.00146151
0.0025
0.00249998
0.000901222
0.0025
0.00250002
-0.000653267
0.0025
0.00249998
0.000655651
0.0025
0.00250003
-0.0012517
0.0025
0.00249999
0.000500679
0.0025
0.00249997
0.00105143
0.0025
0.00250004
-0.00155449
0.0025
0.00249997
0.00125885
0.0025
0.00250003
-0.00119209
0.0025
0.00249998
0.000739098
0.0025
0.00250002
-0.000758171
0.0025
0.00249996
0.00155687
0.0025
0.00250001
-0.000474453
0.0025
0.00249996
0.00152826
0.0025
0.00250002
-0.000989437
0.0025
0.00249999
0.000469685
0.0025
0.00250002
-0.000765324
0.0025
0.00249997
0.00112772
0.0025
0.00250004
-0.00148296
0.0025
0.0025
0.000188351
0.0025
0.00249998
0.000658035
0.0025
0.00250003
-0.00139713
0.0025
0.00249999
0.000443459
0.0025
0.00249998
0.000870228
0.0025
0.00250003
-0.00103951
0.0025
0.00249999
0.000319481
0.0025
0.00249997
0.00121355
0.0025
0.00250003
-0.00126123
0.0025
0.0025
-6.67572e-5
0.0025
0.00249999
0.000228882
0.0025
0.0025
2.86102e-5
0.0025
0.00249999
0.0005126
0.0025
0.00250004
-0.00142574
0.0025
0.0025
-0.00014782
0.0025
0.0025
9.77516e-5
0.0025
0.00249998
0.000884533
0.0025
0.00250001
-0.000402927
0.0025
0.00249999
0.000472069
0.0025
0.00250002
-0.000822544
0.0025
0.00249998
0.00071764
0.0025
0.00250003
-0.00110149
0.0025
0.0025
1.90735e-5
0.0025
0.00249999
0.000407696
0.0025
0.0025
9.53674e-5
0.0025
0.00249997
0.00104666
0.0025
0.00250004
-0.00162363
0.0025
0.00249998
0.000679493
0.0025
0.00249999
0.00033617
0.0025
0.00249998
0.000627041
0.0025
0.00250002
-0.000929833
0.0025
0.00249998
0.000743866
0.0025
0.00250002
-0.000824928
0.0025
0.00249998
0.000679493
0.0025
0.00250002
-0.000703335
0.0025
0.00249998
0.000917912
0.0025
0.00250003
-0.00133038
0.0025
0.00249998
0.000960827
0.0025
0.00250003
-0.00128508
0.0025
0.00249997
0.00109911
0.0025
0.00250002
-0.000901222
0.0025
0.00249998
0.000779629
0.0025
0.00250003
-0.00108719
0.0025
0.00249999
0.000488758
0.0025
0.0025
-5.72205e-5
0.0025
0.00249998
0.000777245
0.0025
0.00250002
-0.000753403
0.0025
0.00249999
0.000598431
0.0025
0.00249997
0.0012207
0.0025
0.00250004
-0.00155926
0.0025
0.00249999
0.000422001
0.0025
0.00249998
0.000684261
0.0025
0.00250002
-0.000815392
0.0025
0.00249998
0.000860691
0.0025
0.00250003
-0.00110626
0.0025
0.00249999
0.000491142
0.0025
0.00249999
0.000522137
0.0025
0.00250003
-0.00112534
0.0025
0.0025
0.000138283
0.0025
0.00249997
0.00124216
0.0025
0.00250005
-0.00181437
0.0025
0.00249995
0.00215054
0.0025
0.00250004
-0.00176907
0.0025
0.00249997
0.00136852
0.0025
0.00250003
-0.00117302
0.0025
0.00249999
0.0005579
0.0025
0.00250003
-0.00135422
0.0025
0.00249998
0.000779629
0.0025
0.0025
0.000104904
0.0025
0.00249999
0.000584126
0.0025
0.00250004
-0.00162125
0.0025
0.00249992
0.00302553
0.0025
0.00250008
-0.00303745
0.0025
0.00249992
0.00312805
0.0025
0.00250008
-0.00317574
0.0025
0.00249995
0.00217199
0.0025
0.00250003
-0.00139952
0.0025
0.00249998
0.000946522
0.0025
0.00250003
-0.00119448
0.0025
0.0025
-7.6294e-5
0.0025
0.00250001
-0.000298023
0.0025
0.00249999
0.000219345
0.0025
0.0025
0.000135899
0.0025
0.0025
0.00013113
0.0025
0.00249998
0.000641346
0.0025
0.00249998
0.000629425
0.0025
0.00250003
-0.00109434
0.0025
0.00249998
0.000803471
0.0025
0.00250004
-0.00174999
0.0025
0.00249995
0.00197887
0.0025
0.00250006
-0.00231743
0.0025
0.00249994
0.00255823
0.0025
0.00250003
-0.00136852
0.0025
0.00249998
0.000681877
0.0025
0.00250002
-0.000872612
0.0025
0.00249999
0.000412464
0.0025
0.00250028
-0.0111222
0.0025
0.00250017
-0.00687361
0.0025
0.00250016
-0.00643253
0.0025
0.00250008
-0.00320435
0.0025
0.00250008
-0.00314713
0.0025
0.00250002
-0.000889301
0.0025
0.00250004
-0.0014019
0.0025
0.00250004
-0.00142097
0.0025
0.00249999
0.000333786
0.0025
0.00250004
-0.00152349
0.0025
0.00250001
-0.000243187
0.0025
0.00249999
0.000441074
0.0025
0.00250003
-0.00100136
0.0025
0.00249998
0.00092268
0.0025
0.00250002
-0.000607967
0.0025
0.0025
-0.000133514
0.0025
0.00249998
0.000910759
0.0025
0.00250003
-0.00103474
0.0025
0.00249999
0.000441074
0.0025
0.00249997
0.00103474
0.0025
0.00250002
-0.000734329
0.0025
0.00249998
0.000696182
0.0025
0.00250001
-0.000476837
0.0025
0.00249998
0.000827313
0.0025
0.00250003
-0.00137329
0.0025
0.00249999
0.000231266
0.0025
0.00249998
0.000977516
0.0025
0.00250003
-0.00132084
0.0025
0.0025
0.000195503
