0.0025
0.00249995
0.0020504
0.0025
0.0025
0.000114441
0.0025
0.00249998
0.000681877
0.0025
0.00250001
-0.000319481
0.0025
0.00249999
0.000531673
0.0025
0.0025
0.000112057
0.0025
0.00249999
0.000298023
0.0025
0.00250005
-0.00213146
0.0025
0.00249994
0.00247479
0.0025
0.00250003
-0.00112057
0.0025
0.00250001
-0.000343323
0.0025
0.00250001
-0.000412464
0.0025
0.00249999
0.000245571
0.0025
0.00249999
0.0004673
0.0025
0.0025
5.96047e-5
0.0025
0.00250001
-0.000236034
0.0025
0.0025
-7.6294e-5
0.0025
0.00249998
0.000801087
0.0025
0.0025
7.39098e-5
0.0025
0.0025
2.38419e-5
0.0025
0.00249999
0.000452995
0.0025
0.00250005
-0.00182152
0.0025
0.00249994
0.00256777
0.0025
0.00250009
-0.00351429
0.0025
0.00249989
0.00428438
0.0025
0.00250011
-0.00424862
0.0025
0.00249991
0.00357628
0.0025
0.00250007
-0.00290871
0.0025
0.00249997
0.00118971
0.0025
0.00250001
-0.000200272
0.0025
0.00249999
0.000452995
0.0025
0.00249999
0.000355244
0.0025
0.00250002
-0.000939369
0.0025
0.0025
2.38419e-6
0.0025
0.0025
-0.000150204
0.0025
0.00250001
-0.00025034
0.0025
0.00250002
-0.000779629
0.0025
0.00249994
0.00230074
0.0025
0.00250007
-0.00262976
0.0025
0.00249995
0.00199556
0.0025
0.00250005
-0.00186205
0.0025
0.00249995
0.00208855
0.0025
0.00250004
-0.00150442
0.0025
0.00249996
0.0014782
0.0025
0.00250005
-0.00216484
0.0025
0.00249995
0.00200033
0.0025
0.00250006
-0.00239134
0.0025
0.00249992
0.00306845
0.0025
0.00250004
-0.00171423
0.0025
0.00249995
0.00206947
0.0025
0.00250004
-0.00167608
0.0025
0.0025
-4.29153e-5
0.0025
0.0025
0.000174046
0.0025
0.00249999
0.000579357
0.0025
0.0025
0.000135899
0.0025
0.00249999
0.000431538
0.0025
0.00250004
-0.00151396
0.0025
0.00249995
0.00214338
0.0025
0.00250004
-0.00178576
0.0025
0.00249999
0.000369549
0.0025
0.0025
4.05312e-5
0.0025
0.0025
-0.000150204
0.0025
0.00249998
0.000617504
0.0025
0.00250004
-0.00150442
0.0025
0.00249995
0.00211239
0.0025
0.00250002
-0.00099659
0.0025
0.00249999
0.000326633
0.0025
0.00249999
0.000433922
0.0025
0.00250005
-0.00182867
0.0025
0.00249996
0.00142574
0.0025
0.00250003
-0.00133276
0.0025
0.00249996
0.00174284
0.0025
0.00249969
0.0124455
0.0025
0.00249994
0.00220776
0.0025
0.00249985
0.00586748
0.0025
0.00250004
-0.00156879
0.0025
0.00249995
0.00202417
0.0025
0.00249999
0.000505447
0.0025
0.00249999
0.000457764
0.0025
0.00249999
0.000386238
0.0025
0.00250004
-0.00152349
0.0025
0.00249994
0.00246286
0.0025
0.00250009
-0.00372887
0.0025
0.0024999
0.00380039
0.0025
0.0025001
-0.00390768
0.0025
0.00249989
0.00430822
0.0025
0.00250009
-0.00368118
0.0025
0.00249996
0.00141382
0.0025
0.0025
-5.24521e-5
0.0025
0.00249999
0.000581741
0.0025
0.00250004
-0.00157356
0.0025
0.00249995
0.00191689
0.0025
0.00250004
-0.00163794
0.0025
0.00249996
0.00170231
0.0025
0.00250004
-0.00161648
0.0025
0.00249997
0.00132561
0.0025
0.00250005
-0.00208616
0.0025
0.00250046
-0.0183702
0.0025
0.00249988
0.00485182
0.0025
0.00250023
-0.00907898
0.0025
0.00249987
0.00513077
0.0025
0.00250016
-0.00620365
0.0025
0.00249985
0.00591993
0.0025
0.00250015
-0.00582457
0.0025
0.00249988
0.00465632
0.0025
0.00250008
-0.00309944
0.0025
0.00249996
0.00165701
0.0025
0.00250006
-0.00255108
0.0025
0.00249997
0.00129938
0.0025
0.0025
0.000140667
0.0025
0.0025
7.15256e-5
0.0025
0.0025
-5.72205e-5
0.0025
0.00250001
-0.000481606
0.0025
0.00250001
-0.00026226
0.0025
0.00249994
0.00248432
0.0025
0.00250006
-0.00225067
0.0025
0.00249997
0.0013566
0.0025
0.00250004
-0.00165939
