2.49662
2.49661
2.49662
2.49663
2.49663
2.49663
2.49664
2.49659
2.49663
2.49662
2.49664
2.49661
2.49663
2.49664
2.49662
2.49664
2.49661
2.49664
2.4966
2.49664
2.49661
2.49664
2.4966
2.49664
2.49662
2.49664
2.49661
2.49665
2.49662
2.49665
2.49662
2.49676
2.49693
2.49683
2.49689
2.49689
2.49691
2.49692
2.4969
2.49696
2.49692
2.49695
2.49697
2.49694
2.49698
2.49695
2.497
2.49699
2.497
2.49701
2.49699
2.49704
2.497
2.49701
2.49703
2.49703
2.49703
2.49704
2.49705
2.49703
2.49707
2.49703
2.49708
2.49705
2.49706
2.49706
2.49707
2.49707
2.49708
2.49707
2.49708
2.49708
2.49709
2.4971
2.49707
2.4971
2.49707
2.4971
2.49708
2.4971
2.49708
2.49711
2.49709
2.49712
2.49709
2.49714
2.49707
2.49713
2.49709
2.49709
2.49713
2.4971
2.49711
2.4971
2.49711
2.49712
2.4971
2.49711
2.4971
2.49712
2.49711
2.49713
2.49713
2.49713
2.49713
2.49712
2.49712
2.49712
2.49713
2.49712
2.49713
2.49713
2.49714
2.4971
2.49713
2.49714
2.49714
2.49715
2.49712
2.49713
2.49715
2.49712
2.49715
2.49711
2.49715
2.49712
2.49714
2.49715
2.49711
2.49715
2.49711
2.49714
2.49711
2.49714
2.49714
2.4971
2.49714
2.49714
2.49711
2.49714
2.49711
2.49714
2.49712
2.49685
2.49696
2.49684
2.49692
2.49683
2.49689
2.49683
2.49686
2.49685
2.49683
2.49683
2.49679
2.49683
2.49678
2.49681
2.49679
2.49678
2.49677
2.4968
2.49676
2.49677
2.49677
2.49676
2.49674
2.49675
2.49673
2.49673
2.49672
2.49675
2.49671
2.49673
2.49671
2.49672
2.49672
2.49672
2.4967
2.49672
2.49671
2.4967
2.49669
