2.50137
2.50128
2.50104
2.50087
2.50073
2.50061
2.50051
2.50043
2.50036
2.5003
2.50025
2.50023
2.50018
2.50016
2.50015
2.50012
2.50011
2.50011
2.50009
2.50007
2.50006
2.50007
2.50007
2.50006
2.50006
2.50006
2.50006
2.50006
2.50006
2.50007
2.50005
2.50006
2.50007
2.50006
2.50007
2.50009
2.50007
2.50007
2.50007
2.50008
2.50007
2.50008
2.50007
2.50008
2.50007
2.50007
2.50008
2.50009
2.50009
2.50009
2.5001
2.5001
2.50011
2.50011
2.50011
2.50012
2.50011
2.50013
2.50012
2.50012
2.50012
2.50011
2.50014
2.50013
2.50013
2.50013
2.50013
2.50013
2.50014
2.50014
2.50014
2.50015
2.50016
2.50015
2.50016
2.50015
2.50015
2.50017
2.50016
2.50017
2.50016
2.50017
2.50017
2.50017
2.50017
2.50017
2.50017
2.50017
2.50017
2.50017
2.50018
2.50018
2.50019
2.50019
2.5002
2.5002
2.5002
2.50022
2.50021
2.5002
2.50022
2.50021
2.50021
2.5002
2.50023
2.50023
2.50023
2.50023
2.50024
2.50024
2.50024
2.50025
2.50025
2.50024
2.50025
2.50025
2.50026
2.50024
2.50026
2.50025
2.50026
2.50025
2.50026
2.50026
2.50026
2.50026
2.50026
2.50026
2.50025
2.50026
2.50027
2.50027
2.50028
2.50028
2.50027
2.50028
2.50029
2.50029
2.50029
2.5003
2.5003
2.50031
2.5003
2.5003
2.5003
2.5003
2.50031
2.50031
2.50031
2.50031
2.50031
2.50032
2.50032
2.50032
2.50032
2.50034
2.50034
2.50035
2.50033
2.50034
2.50036
2.50034
2.50035
2.50034
2.50035
2.50034
2.50034
2.50036
2.50036
2.50036
2.50036
2.50036
2.50036
2.50036
2.50036
2.50037
2.50038
2.50038
2.50039
2.50039
2.50038
2.50039
2.50038
2.5004
2.50038
2.50041
2.5004
2.50039
2.50039
2.50039
2.5004
2.5004
2.5004
2.5004
2.5004
2.5004
2.50041
2.50041
2.50041
2.50041
2.50042
2.50042
2.50043
2.50044
2.50042
2.50044
2.50043
2.50045
2.50044
2.50043
2.50044
2.50043
2.50044
2.50044
2.50043
2.50045
2.50044
2.50044
2.50045
2.50044
2.50044
2.50045
2.50045
2.50045
2.50046
2.50046
2.50046
2.50047
2.50047
2.50047
2.50048
2.50049
2.50047
2.50049
2.50048
2.5005
2.50049
2.50048
2.50048
2.50048
2.50049
2.50049
2.50049
2.50049
2.50049
2.5005
2.5005
2.50051
2.50051
2.50052
2.50052
2.50053
2.50052
2.50053
2.50052
2.50054
2.50053
2.50053
2.50055
2.50053
2.50053
2.50054
2.50053
2.50054
2.50054
2.50054
2.50054
2.50054
2.50055
2.50056
2.50056
2.50058
2.50055
2.50057
2.50056
2.50059
2.50057
2.50059
2.50059
2.50059
2.50059
2.50058
2.50059
2.50059
2.50059
2.5006
2.5006
2.5006
2.5006
2.5006
2.50061
2.50061
2.50061
2.50062
2.50061
2.50063
2.50061
2.50063
2.50062
2.50064
2.50062
2.50063
2.50062
2.50064
2.50063
2.50064
2.50064
2.50064
2.50065
2.50065
2.50065
2.50066
2.50066
2.50065
2.50066
2.50065
2.50067
2.50065
2.50067
2.50066
2.50068
2.50067
2.50066
2.50068
2.50068
2.50068
2.50069
2.50068
2.50068
2.50069
2.50069
2.50069
2.5007
2.5007
2.5007
2.50071
2.50069
2.50071
2.50072
2.5007
2.50071
2.50069
2.50072
2.5007
2.50072
2.50071
2.50071
2.50071
2.50071
2.50071
2.50072
2.50072
2.50072
2.50073
2.50073
2.50073
2.50074
2.50073
2.50074
2.50074
2.50075
2.50075
2.50076
2.50075
2.50076
2.50075
2.50077
2.50076
2.50075
2.50077
2.50076
2.50076
2.50076
2.50077
2.50077
2.50077
2.50076
2.50076
2.50077
2.50078
2.50078
2.50079
2.50079
2.50079
2.5008
2.50081
2.50079
2.5008
2.50081
2.5008
2.5008
2.50082
2.50082
2.50082
2.50081
2.50081
2.50081
2.50082
2.50082
2.50082
2.50083
2.50082
2.50083
2.50084
2.50084
2.50085
2.50085
2.50084
2.50085
2.50085
2.50084
2.50086
2.50084
2.50086
2.50086
2.50085
2.50085
2.50086
2.50085
2.50086
2.50086
2.50086
2.50086
2.50086
2.50087
2.50088
2.50088
2.50088
2.50088
2.50089
2.50088
2.5009
2.50088
2.5009
2.50089
2.5009
2.50089
2.5009
2.5009
2.50089
2.5009
2.50089
2.50091
2.5009
2.5009
2.50091
2.50091
2.50091
2.50091
2.50091
2.50092
2.50092
2.50092
2.50093
2.50093
2.50094
2.50093
2.50095
2.50094
2.50095
2.50094
2.50096
2.50094
2.50094
2.50094
2.50095
2.50094
2.50095
2.50095
2.50096
2.50096
2.50096
2.50097
2.50096
2.50097
2.50097
2.50097
2.50098
2.50099
2.50097
2.50099
2.50099
2.50098
2.501
2.50099
2.50099
2.50099
2.50099
2.50099
2.501
2.501
2.50101
2.50101
2.50101
2.50102
2.50102
2.50102
2.50103
2.50102
2.50103
2.50102
2.50103
2.50103
2.50104
2.50102
2.50105
2.50103
2.50103
2.50105
2.50103
2.50105
2.50104
2.50105
2.50104
2.50105
2.50106
2.50106
2.50106
2.50105
2.50107
2.50107
2.50107
2.50108
2.50106
2.50108
2.50106
2.50108
2.50107
2.50107
2.50108
2.50107
2.50109
2.50107
2.50109
2.50108
2.50107
2.50109
2.50107
2.50109
2.50109
2.50109
2.50108
2.50108
2.50108
2.50108
2.50109
2.50109
2.50108
2.50109
2.50109
2.50109
2.50109
2.5011
2.5011
2.50111
2.50111
2.50112
2.50112
2.50111
2.50113
2.50112
2.50114
2.50112
2.50113
2.50113
2.50113
2.50112
2.50114
2.50114
2.50113
2.50113
2.50113
2.50114
2.50114
2.50114
2.50114
2.50114
2.50114
2.50114
2.50115
2.50114
2.50115
2.50116
2.50116
2.50117
2.50117
2.50116
2.50117
2.50117
2.50119
2.50117
2.50116
2.50118
2.50118
2.50117
2.50118
2.50117
2.50117
2.50117
2.50117
2.5012
2.50118
2.50118
2.50118
2.50119
2.50119
2.50119
2.5012
2.5012
2.50121
2.50121
2.50122
2.50121
2.50121
2.50123
2.50121
2.50122
2.50122
2.50121
2.50122
2.50121
2.50123
2.50122
2.50121
2.50121
2.50123
2.50122
2.50122
2.50123
2.50122
2.50122
2.50123
2.50123
2.50124
2.50124
2.50124
2.50124
2.50124
2.50125
2.50125
2.50126
2.50125
2.50127
2.50125
2.50126
2.50125
2.50126
2.50124
2.50126
2.50125
2.50127
2.50126
2.50128
2.50126
2.50127
2.50126
2.50128
2.50127
2.50127
2.50127
2.50127
2.50128
2.50127
2.50128
2.50128
2.50128
2.50127
2.50128
2.50128
2.50129
2.50129
2.50129
2.5013
2.5013
2.5013
2.50131
2.5013
2.50131
2.50129
2.50132
2.5013
2.50132
2.50131
2.5013
2.5013
2.50132
2.50131
2.50131
2.50132
2.50132
2.50132
2.50132
2.50133
2.50133
2.50133
2.50133
2.50134
2.50135
2.50135
2.50136
2.50134
2.50136
2.50134
2.50136
2.50134
2.50136
2.50134
2.50136
2.50135
2.50137
2.50136
2.50135
2.50136
2.50136
2.50136
2.50136
2.50136
2.50135
2.50136
2.50136
2.50136
2.50137
2.50138
2.50138
2.50138
2.50138
2.50138
2.50139
2.5014
2.50137
2.50139
2.50139
2.5014
2.50139
2.50141
2.50139
2.5014
2.5014
2.50141
2.5014
2.50139
2.50142
2.5014
2.5014
2.5014
2.50141
2.50141
2.5014
2.5014
2.50139
2.50141
2.50141
2.50141
2.5014
2.50141
2.5014
2.50141
2.50142
2.50142
2.50142
2.50142
2.50142
2.50143
2.50144
2.50144
2.50142
2.50144
2.50145
2.50144
2.50145
2.50145
2.50145
2.50144
2.50144
2.50145
2.50144
2.50144
2.50146
2.50145
2.50145
2.50145
2.50145
2.50146
2.50146
2.50146
2.50146
2.50147
2.50147
2.50147
2.50147
2.50148
2.50148
2.50148
2.50149
2.50149
2.50149
2.50149
2.50148
2.50149
2.50148
2.5015
2.50148
2.50149
2.50148
2.50149
2.50148
2.5015
2.50149
2.5015
2.50149
2.50149
2.50151
2.5015
2.50149
2.5015
2.5015
2.5015
2.5015
2.5015
2.50149
2.5015
2.5015
2.5015
2.50151
2.5015
2.50152
2.50152
2.50152
2.50152
2.50152
2.50152
2.50153
2.50153
2.50153
2.50154
2.50153
2.50154
2.50153
2.50154
2.50153
2.50155
2.50153
2.50155
2.50154
2.50154
2.50154
2.50155
2.50154
2.50154
2.50154
2.50154
2.50155
2.50155
2.50155
2.50156
2.50155
2.50156
2.50156
2.50156
2.50156
2.50156
2.50157
2.50157
2.50157
2.50158
2.50158
2.50158
2.50159
2.50157
2.50158
2.50156
2.50158
2.50158
2.50158
2.50158
2.50156
2.50157
2.50157
2.50158
2.50158
2.50158
2.50157
2.50158
2.50157
2.50158
2.50157
2.50158
2.50157
2.50158
2.50157
2.50159
2.50159
2.50158
2.50158
2.50158
2.50158
2.50159
2.50158
2.50159
2.50159
2.50159
2.50159
2.50159
2.50159
2.50159
2.5016
2.50159
2.50159
2.50159
2.50161
2.50162
2.50161
2.50162
2.50163
2.50161
2.50162
2.50163
2.50162
2.50163
2.50161
2.50163
2.50162
2.50163
2.50163
2.50162
2.50164
2.50162
2.50164
2.50163
2.50163
2.50163
2.50163
2.50162
2.50164
2.50164
2.50163
2.50163
2.50163
2.50164
2.50163
2.50164
2.50164
2.50163
2.50164
2.50164
2.50164
2.50164
2.50164
2.50165
2.50165
2.50165
2.50166
2.50166
2.50167
2.50167
2.50167
2.50168
2.50166
2.50167
2.50168
2.50166
2.50167
2.50166
2.50168
2.50166
2.50167
2.50167
2.50168
2.50167
2.50168
2.50166
2.50168
2.50167
2.50168
2.50167
2.50169
2.50167
2.50168
2.50167
2.50167
2.50169
2.50169
2.50169
2.50168
2.50169
2.50168
2.50168
2.50168
2.50168
2.50168
2.50169
2.50169
2.50169
2.5017
2.50169
2.50169
2.5017
2.5017
2.50171
2.50171
2.50172
2.50173
2.50171
2.50172
2.50171
2.50172
2.50172
2.50173
2.50171
2.50173
2.50171
2.50173
2.5017
2.50172
2.50171
2.50172
2.50171
2.50173
2.50172
2.50171
2.50173
2.50172
2.50172
2.50174
2.50173
2.50173
2.50173
2.50173
2.50173
2.50172
2.50171
2.50174
2.50173
2.50173
2.50173
2.50174
2.50173
2.50174
2.50175
2.50175
2.50175
2.50175
2.50176
2.50176
2.50175
2.50177
2.50175
2.50176
2.50175
2.50177
2.50175
2.50177
2.50175
2.50177
2.50176
2.50176
2.50178
2.50176
2.50178
2.50176
2.50176
2.50176
2.50177
2.50176
2.50176
2.50176
2.50176
2.50176
2.50177
2.50177
2.50176
2.50176
2.50177
2.50176
2.50177
2.50177
2.50178
2.50178
2.50178
2.50178
2.50178
2.50179
2.5018
2.5018
2.5018
2.50181
2.50179
2.5018
2.50181
2.5018
2.50181
2.50181
2.50181
2.5018
2.50181
2.5018
2.50182
2.50181
2.50182
2.50181
2.50182
2.5018
2.50182
2.50181
2.5018
2.50182
2.50181
2.50181
2.50181
2.50183
2.50182
2.50181
2.50181
2.50182
2.50182
2.50181
2.50181
2.50181
2.50181
2.50181
2.50181
2.50181
2.50182
2.50182
2.50182
2.50181
2.50182
2.50182
2.50181
2.50181
2.50182
2.50181
2.50183
2.50182
2.50183
2.50183
2.50183
2.50183
2.50183
2.50184
2.50184
2.50184
2.50185
2.50185
2.50185
2.50186
2.50184
2.50185
2.50186
2.50185
2.50186
2.50184
2.50186
2.50185
2.50186
2.50185
2.50186
2.50184
2.50185
2.50185
2.50184
2.50185
2.50185
2.50184
2.50185
2.50186
2.50186
2.50185
2.50187
2.50185
2.50187
2.50185
2.50187
2.50186
2.50186
2.50186
2.50186
2.50185
2.50187
2.50186
2.50186
2.50186
2.50186
2.50186
2.50186
2.50186
2.50186
2.50186
2.50186
2.50186
2.50186
2.50186
2.50187
2.50186
2.50186
2.50186
2.50186
2.50186
2.50187
2.50186
2.50187
2.50187
2.50187
2.50187
2.50188
2.50188
2.50188
2.50189
2.50189
2.50189
2.50189
2.5019
2.5019
2.50188
2.50191
2.5019
2.50191
2.50189
2.50191
2.5019
2.50189
2.50191
2.5019
2.50191
2.5019
2.50192
2.5019
2.5019
2.50191
2.5019
2.5019
2.5019
2.50191
2.50191
2.5019
2.5019
2.50191
2.5019
2.5019
2.5019
2.50189
2.50191
2.5019
2.5019
2.5019
2.50191
2.5019
2.50192
2.50191
2.50192
2.50192
2.50192
2.50192
2.50192
2.50192
2.50193
2.50193
2.50194
2.50194
2.50195
2.50193
2.50194
2.50194
2.50195
2.50194
2.50196
2.50195
2.50194
2.50196
2.50194
2.50196
2.50195
2.50195
2.50194
2.50196
2.50195
2.50195
2.50196
2.50194
2.50196
2.50194
2.50196
2.50195
2.50194
2.50196
2.50195
2.50195
2.50194
2.50196
2.50195
2.50194
2.50196
2.50195
2.50194
2.50196
2.50195
2.50195
2.50195
2.50195
2.50194
2.50196
2.50196
2.50195
2.50195
2.50194
2.50196
2.50194
2.50196
2.50195
2.50196
2.50196
2.50196
2.50196
2.50196
2.50196
2.50196
2.50196
2.50195
2.50196
2.50196
2.50197
2.50196
2.50197
2.50196
2.50197
2.50197
2.50198
2.50197
2.50198
2.50197
2.50198
2.50199
2.50198
2.50199
2.50198
2.50199
2.502
2.50199
2.502
2.50199
2.50201
2.502
2.502
2.50199
2.50199
2.50201
2.502
2.502
2.502
2.50199
2.502
2.50199
2.50201
2.502
2.502
2.502
2.502
2.50199
2.50199
2.502
2.50199
2.50199
2.502
2.50199
2.50201
2.502
2.50199
2.50199
2.50199
2.502
2.50199
2.502
2.502
2.502
2.502
2.502
2.502
2.502
2.50199
2.502
2.502
2.502
2.502
2.502
2.50201
2.50201
2.50201
2.50201
2.50202
2.50202
2.50202
2.50203
2.50203
2.50203
2.50204
2.50203
2.50203
2.50204
2.50202
2.50204
2.50203
2.50204
2.50203
2.50204
2.50204
2.50203
2.50204
2.50203
2.50204
2.50203
2.50204
2.50203
2.50204
2.50203
2.50205
2.50203
2.50205
2.50204
2.50204
2.50205
2.50205
2.50204
2.50204
2.50205
2.50204
2.50204
2.50204
2.50205
2.50204
2.50204
2.50204
2.50204
2.50204
2.50205
2.50204
2.50204
2.50204
2.50204
2.50204
2.50205
2.50204
2.50204
2.50205
2.50204
2.50204
2.50205
2.50204
2.50206
2.50204
2.50204
2.50203
2.50206
2.50204
2.50205
2.50205
2.50205
2.50205
2.50205
2.50205
2.50205
2.50205
2.50205
2.50206
2.50207
2.50207
2.50207
2.50208
2.50208
2.50207
2.50207
2.50208
2.50207
2.50208
2.50207
2.50208
2.50209
2.50207
2.50209
2.50208
2.50209
2.50209
2.50208
2.50209
2.50208
2.50208
2.50209
2.50208
2.50207
2.50209
2.50208
2.5021
2.50208
2.5021
2.5021
2.50209
2.50209
2.50208
2.50209
2.50208
2.50208
2.5021
2.50209
2.50209
2.50209
2.50208
2.50209
2.50209
2.50209
2.50209
2.50208
2.5021
2.50209
2.50209
2.50209
2.50209
2.50209
2.5021
2.50209
2.5021
2.5021
2.5021
2.5021
2.5021
2.50211
2.50211
2.50211
2.50211
2.50212
2.50212
2.50212
2.50212
2.50212
2.50213
2.50211
2.50212
2.50212
2.50213
2.50212
2.50212
2.50213
2.50213
2.50211
2.50213
2.50213
2.50212
2.50213
2.50213
2.50214
2.50212
2.50213
2.50212
2.50213
2.50212
2.50213
2.50213
2.50212
2.50214
2.50213
2.50213
2.50214
2.50213
2.50213
2.50214
2.50213
2.50213
2.50214
2.50213
2.50212
2.50213
2.50212
2.50214
2.50211
2.50213
2.50212
2.50215
2.50213
2.50213
2.50213
2.50214
2.50213
2.50215
2.50214
2.50214
2.50214
2.50214
2.50214
2.50213
2.50213
2.50213
2.50213
2.50213
2.50213
2.50213
2.50213
2.50216
2.50215
2.50215
2.50215
2.50215
2.50215
2.50215
2.50215
2.50215
2.50215
2.50214
2.50214
2.50215
2.50214
2.50214
2.50214
2.50215
2.50215
2.50214
2.50215
2.50215
2.50215
2.50216
2.50217
2.50217
2.50216
2.50218
2.50216
2.50217
2.50217
2.50218
2.50216
2.50217
2.50218
2.50216
2.50218
2.50216
2.50217
2.50218
2.50216
2.50218
2.50217
2.50218
2.50216
2.50218
2.50217
2.50219
2.50218
2.50218
2.50218
2.50217
2.50217
2.50218
2.50216
2.50217
2.50216
2.50217
2.50219
2.50218
2.50216
2.50218
2.50217
2.50219
2.50217
2.50217
2.50219
2.50218
2.50217
2.50217
2.50218
2.50218
2.50217
2.50219
2.50218
2.50217
2.50219
2.50219
2.50218
2.50219
2.50218
2.50218
2.50218
2.50218
2.50218
2.50218
2.50218
2.50218
2.50218
2.50217
2.5022
2.50219
2.50219
2.50219
2.50219
2.50219
2.50219
2.50219
2.5022
2.50219
2.50219
2.50219
2.50219
2.50218
2.50218
2.50218
2.50217
2.5022
2.50219
2.50219
2.50219
2.50219
2.50219
2.50219
2.50219
2.50219
2.50219
2.5022
2.5022
2.5022
2.5022
2.5022
2.5022
2.50221
2.50221
2.50221
2.50221
2.50222
2.50223
2.50221
2.50222
2.50223
2.50221
2.50223
2.50221
2.50222
2.5022
2.50222
2.50222
2.50222
2.50221
2.50223
2.50221
2.50223
2.50221
2.50222
2.50222
2.50223
2.50221
2.50223
2.5022
2.50222
2.50223
2.50221
2.50222
2.50221
2.50222
2.50222
2.50223
2.50221
2.50223
2.50222
2.50223
2.50223
2.50223
2.50222
2.50222
2.50223
2.50223
2.50223
2.50223
2.50222
2.50223
2.50222
2.50222
2.50223
2.50223
2.50222
2.50222
2.50223
2.50222
2.50222
2.50222
2.50224
2.50223
2.50222
2.50222
2.50222
2.50222
2.50222
2.50222
2.50222
2.50222
2.50222
2.50222
2.50222
2.50223
2.50223
2.50223
2.50223
2.50223
2.50223
2.50223
2.50223
2.50223
2.50224
2.50223
2.50224
2.50223
2.50223
2.50224
2.50224
2.50225
2.50224
2.50225
2.50225
2.50226
2.50226
2.50226
2.50225
2.50226
2.50226
2.50226
2.50226
2.50227
2.50225
2.50227
2.50227
2.50225
2.50227
2.50225
2.50227
2.50226
2.50226
2.50226
2.50227
2.50225
2.50227
2.50225
2.50226
2.50226
2.50226
2.50226
2.50227
2.50226
2.50227
2.50226
2.50227
2.50226
2.50227
2.50226
2.50228
2.50227
2.50227
2.50226
2.50228
2.50228
2.50227
2.50228
2.50226
2.50228
2.50227
2.50226
2.50227
2.50226
2.50227
2.50226
2.50228
2.50226
2.50228
2.50227
2.50227
2.50226
2.50227
2.50227
2.50226
2.50228
2.50227
2.50227
2.50227
2.50228
2.50227
2.50227
2.50228
2.50227
2.50227
2.50226
2.50228
2.50227
2.50227
2.50228
2.50227
2.50227
2.50227
2.50227
2.50228
2.50226
2.50227
2.50227
2.50229
2.50228
2.50227
2.50228
2.50227
2.50227
2.50227
2.50227
2.50227
2.50227
2.50227
2.50227
2.50226
2.50228
2.50227
2.50228
2.50228
2.50228
2.50228
2.50227
2.50227
2.50227
2.50228
2.50227
2.50227
2.50229
2.50228
2.50228
2.50229
2.50229
2.50229
2.50229
2.50229
2.50229
2.5023
2.50231
2.5023
2.5023
2.5023
2.50231
2.50231
2.50231
2.50232
2.5023
2.50231
2.5023
2.50231
2.50229
2.50229
2.5023
2.50231
2.5023
2.5023
2.5023
2.50231
2.5023
2.50231
2.50231
2.50231
2.5023
2.50231
2.5023
2.50232
2.50231
2.50231
2.5023
2.50231
2.50231
2.5023
2.50231
2.50232
2.5023
2.50231
2.5023
2.50231
2.5023
2.50231
2.50231
2.5023
2.50231
2.50229
2.50231
2.50232
2.50231
2.50232
2.50231
2.50233
2.50231
2.50232
2.5023
2.50231
2.50232
2.5023
2.50232
2.50231
2.50232
2.5023
2.50232
2.5023
2.50232
2.5023
2.50231
2.50231
2.50231
2.5023
2.50232
2.5023
2.50232
2.5023
2.50231
2.5023
2.50231
2.50231
2.50232
2.50231
2.50231
2.50231
2.50233
2.50231
2.50232
2.5023
2.50233
2.50232
2.50231
2.50232
2.50231
2.50232
2.50232
2.50232
2.50231
2.50231
2.50233
2.50232
2.50232
2.50232
2.50231
2.50233
2.50233
2.50232
2.50232
2.50232
2.50233
2.50232
2.50232
2.50231
2.50232
2.50231
2.50231
2.50233
2.50232
2.50232
2.50233
2.50233
2.50233
2.50232
2.50233
2.50233
2.50233
2.50233
2.50233
2.50233
2.50233
2.50233
2.50233
2.50233
2.50233
2.50233
2.50233
2.50233
2.50233
2.50233
2.50234
2.50234
2.50233
2.50234
2.50234
2.50234
2.50233
2.50233
2.50234
2.50234
2.50234
2.50234
2.50235
2.50235
2.50235
2.50235
2.50235
2.50236
2.50234
2.50235
2.50235
2.50236
2.50234
2.50236
2.50234
2.50236
2.50236
2.50236
2.50235
2.50235
2.50235
2.50236
2.50234
2.50235
2.50236
2.50235
2.50236
2.50236
2.50237
2.50235
2.50237
2.50235
2.50236
2.50234
2.50236
2.50236
2.50235
2.50235
2.50236
2.50236
2.50236
2.50235
2.50237
2.50236
2.50237
2.50236
2.50237
2.50236
2.50237
2.50235
2.50236
2.50234
2.50236
2.50235
2.50236
2.50236
2.50234
2.50235
2.50236
2.50235
2.50236
2.50235
2.50236
2.50236
2.50237
2.50236
2.50237
2.50236
2.50236
2.50235
2.50236
2.50235
2.50236
2.50235
2.50236
2.50235
2.50237
2.50236
2.50235
2.50236
2.50235
2.50237
2.50235
2.50235
2.50236
2.50235
2.50237
2.50235
2.50238
2.50236
2.50236
2.50237
2.50236
2.50236
2.50237
2.50236
2.50235
2.50237
2.50235
2.50237
2.50235
2.50237
2.50236
2.50237
2.50235
2.50236
2.50235
2.50237
2.50236
2.50237
2.50236
2.50235
2.50238
2.50236
2.50236
2.50238
2.50237
2.50236
2.50236
2.50236
2.50236
2.50238
2.50237
2.50236
2.50237
2.50236
2.50236
2.50236
2.50235
2.50237
2.50236
2.50235
2.50237
2.50236
2.50238
2.50237
2.50236
2.50237
2.50236
2.50237
2.50236
2.50235
2.50237
2.50236
2.50236
2.50237
2.50236
2.50236
2.50236
2.50236
2.50236
2.50236
2.50235
2.50238
2.50237
2.50236
2.50236
2.50236
2.50236
2.50236
2.50236
2.50236
2.50238
2.50238
2.50238
2.50238
2.50237
2.50237
2.50238
2.50237
2.50238
2.50237
2.50237
2.50237
2.50237
2.50237
2.50238
2.50237
2.50237
2.50238
2.50237
2.50237
2.50237
2.50237
2.50238
2.50237
2.50237
2.50237
2.50237
2.50237
2.50237
2.50237
2.50237
2.50238
2.50238
2.50238
2.50238
2.50239
2.50239
2.50238
2.50239
2.50238
2.50238
2.50238
2.50239
2.50239
2.5024
2.50239
2.5024
2.5024
2.5024
2.5024
2.50241
2.50239
2.5024
2.5024
2.5024
2.5024
2.50239
2.50241
2.50238
2.5024
2.50239
2.5024
2.5024
2.50239
2.50239
2.5024
2.5024
2.50241
2.50239
2.50241
2.50239
2.5024
2.5024
2.50239
2.50241
2.50238
2.50239
2.50239
2.5024
2.50241
2.50239
2.50241
2.5024
2.5024
2.5024
2.5024
2.5024
2.50239
2.50241
2.5024
2.50241
2.5024
2.50241
2.50239
2.50241
2.50239
2.5024
2.5024
2.50241
2.50239
2.5024
2.5024
2.5024
2.50239
2.5024
2.5024
2.50239
2.5024
2.50241
2.50239
2.50242
2.5024
2.50242
2.5024
2.5024
2.50241
2.5024
2.50241
2.5024
2.50241
2.5024
2.5024
2.50242
2.50241
2.5024
2.5024
2.5024
2.50242
2.50241
2.50241
2.5024
2.50241
2.5024
2.50242
2.50241
2.5024
2.50241
2.50241
2.5024
2.50242
2.50241
2.5024
2.5024
2.50241
2.5024
2.50241
2.5024
2.50241
2.5024
2.50241
2.50239
2.50241
2.50239
2.5024
2.50241
2.50239
2.50242
2.50241
2.5024
2.50242
2.50241
2.50241
2.50241
2.5024
2.50241
2.5024
2.5024
2.5024
2.5024
2.50242
2.50241
2.5024
2.50243
2.50241
2.50241
2.50241
2.50241
2.50241
2.50241
2.5024
2.50243
2.50242
2.50242
2.50242
2.50242
2.50242
2.50242
2.50242
2.50242
2.50242
2.50242
2.50242
2.50242
2.50241
2.50241
2.50241
2.50241
2.50242
2.50242
2.50242
2.50242
2.50241
2.50241
2.50241
2.50241
2.5024
2.50241
2.5024
2.50242
2.50241
2.50241
2.50241
2.50242
2.50242
2.50241
2.50242
2.50242
2.50242
2.50242
2.50242
2.50241
2.50241
2.50242
2.50242
2.50242
2.50242
2.50242
2.50243
2.50242
2.50242
2.50243
2.50243
2.50243
2.50242
2.50243
2.50243
2.50243
2.50244
2.50243
2.50243
2.50244
2.50243
2.50244
2.50245
2.50245
2.50244
2.50245
2.50245
2.50244
2.50245
2.50244
2.50244
2.50244
2.50244
2.50244
2.50244
2.50244
2.50245
2.50244
2.50244
2.50244
2.50245
2.50245
2.50244
2.50245
2.50244
2.50246
2.50244
2.50245
2.50243
2.50244
2.50245
2.50245
2.50243
2.50244
2.50244
2.50244
2.50244
2.50244
2.50245
2.50244
2.50245
2.50245
2.50244
2.50244
2.50245
2.50244
2.50245
2.50245
2.50246
2.50244
2.50245
2.50243
2.50245
2.50244
2.50245
2.50245
2.50245
2.50244
2.50245
2.50245
2.50244
2.50245
2.50244
2.50244
2.50244
2.50244
2.50244
2.50243
2.50244
2.50244
2.50245
2.50245
2.50245
2.50243
2.50244
2.50245
2.50245
2.50245
2.50244
2.50244
2.50245
2.50243
2.50244
2.50244
2.50244
2.50244
2.50244
2.50244
2.50245
2.50245
2.50244
2.50244
2.50245
2.50245
2.50243
2.50245
2.50245
2.50243
2.50245
2.50245
2.50244
2.50245
2.50245
2.50244
2.50245
2.50244
2.50245
2.50245
2.50244
2.50246
2.50244
2.50245
2.50246
2.50244
2.50245
2.50243
2.50246
2.50245
2.50244
2.50245
2.50243
2.50244
2.50245
2.50243
2.50244
2.50244
2.50245
2.50244
2.50246
2.50244
2.50245
2.50245
2.50246
2.50244
2.50245
2.50246
2.50245
2.50245
2.50247
2.50245
2.50246
2.50245
2.50246
2.50245
2.50246
2.50245
2.50247
2.50245
2.50245
2.50246
2.50244
2.50245
2.50243
2.50245
2.50244
2.50245
2.50244
2.50245
2.50245
2.50244
2.50246
2.50244
2.50246
2.50245
2.50245
2.50245
2.50246
2.50245
2.50245
2.50245
2.50246
2.50245
2.50246
2.50244
2.50246
2.50244
2.50246
2.50244
2.50245
2.50244
2.50246
2.50245
2.50245
2.50244
2.50246
2.50245
2.50244
2.50246
2.50245
2.50247
2.50246
2.50245
2.50245
2.50245
2.50245
2.50245
2.50246
2.50245
2.50247
2.50245
2.50246
2.50245
2.50244
2.50247
2.50245
2.50244
2.50246
2.50245
2.50244
2.50246
2.50244
2.50246
2.50244
2.50246
2.50244
2.50246
2.50245
2.50244
2.50245
2.50245
2.50245
2.50245
2.50247
2.50245
2.50245
2.50247
2.50246
2.50245
2.50246
2.50245
2.50246
2.50245
2.50245
2.50245
2.50246
2.50245
2.50245
2.50247
2.50246
2.50246
2.50246
2.50245
2.50245
2.50245
2.50245
2.50247
2.50245
2.50245
2.50245
2.50247
2.50245
2.50245
2.50244
2.50246
2.50245
2.50246
2.50246
2.50245
2.50245
2.50247
2.50246
2.50246
2.50245
2.50245
2.50244
2.50246
2.50244
2.50246
2.50245
2.50245
2.50245
2.50246
2.50244
2.50246
2.50245
2.50247
2.50245
2.50245
2.50245
2.50245
2.50246
2.50246
2.50246
2.50245
2.50246
2.50245
2.50245
2.50245
2.50246
2.50245
2.50246
2.50245
2.50246
2.50246
2.50246
2.50246
2.50246
2.50246
2.50246
2.50246
2.50245
2.50245
2.50245
2.50246
2.50245
2.50245
2.50245
2.50246
2.50246
2.50245
2.50245
2.50245
2.50245
2.50246
2.50245
2.50247
2.50245
2.50245
2.50246
2.50245
2.50245
2.50245
2.50246
2.50245
2.50245
2.50245
2.50246
2.50246
2.50246
2.50245
2.50247
2.50246
2.50246
2.50246
2.50246
2.50245
2.50245
2.50245
2.50247
2.50246
2.50246
2.50246
2.50246
2.50247
2.50246
2.50246
2.50246
2.50247
2.50247
2.50247
2.50247
2.50247
2.50246
2.50246
2.50246
2.50246
2.50247
2.50247
2.50247
2.50246
2.50246
2.50246
2.50246
2.50247
2.50247
2.50247
2.50247
2.50247
2.50247
2.50247
2.50247
2.50248
2.50248
2.50249
2.5025
2.50248
2.50249
2.50248
2.50249
2.50248
2.50248
2.50248
2.50248
2.50248
2.50249
2.50249
2.50249
2.5025
2.50247
2.50249
2.50249
2.50248
2.50248
2.50248
2.50248
2.50248
2.50249
2.50249
2.50248
2.50249
2.50249
2.50249
2.50249
2.50249
2.5025
2.50249
2.50249
2.5025
2.50248
2.50249
2.50249
2.50249
2.50249
2.50248
2.50248
2.5025
2.50248
2.50249
2.50249
2.5025
2.50248
2.50249
2.50249
2.5025
2.50248
2.50249
2.5025
2.50248
2.50249
2.50249
2.5025
2.50248
2.50249
2.5025
2.50248
2.50249
2.5025
2.50249
2.50249
2.5025
2.50249
2.50249
2.50249
2.50249
2.5025
2.50248
2.50249
2.5025
2.50248
2.5025
2.50247
2.50249
2.50249
2.5025
2.50248
2.50248
2.50249
2.50249
2.50249
2.50249
2.50249
2.5025
2.50248
2.50249
2.5025
2.50248
2.50249
2.50249
2.5025
2.50248
2.5025
2.50248
2.50249
2.50249
2.50249
2.50249
2.5025
2.50247
2.50249
2.5025
2.50248
2.5025
2.50249
2.5025
2.50248
2.5025
2.50248
2.50249
2.50249
2.5025
2.50248
2.50249
2.50248
2.50249
2.5025
2.50248
2.5025
2.50248
2.50249
2.50249
2.5025
2.5025
2.50248
2.5025
2.50248
2.5025
2.50248
2.50249
2.5025
2.50248
2.5025
2.50249
2.5025
2.50248
2.50249
2.50249
2.50249
2.50249
2.5025
2.50248
2.5025
2.50249
2.5025
2.50249
2.5025
2.50248
2.50249
2.50249
2.5025
2.50248
2.50249
2.50249
2.5025
2.50248
2.50249
2.50249
2.5025
2.50249
2.5025
2.50249
2.5025
2.50249
2.5025
2.5025
2.50249
2.50251
2.5025
2.50249
2.50251
2.50249
2.5025
2.50249
2.5025
2.50249
2.5025
2.50248
2.5025
2.50249
2.50251
2.50249
2.50251
2.5025
2.5025
2.50249
2.50251
2.50248
2.50251
2.50249
2.50251
2.50249
2.5025
2.50249
2.5025
2.5025
2.50249
2.5025
2.50249
2.50251
2.5025
2.5025
2.50249
2.50251
2.50249
2.50251
2.5025
2.5025
2.50249
2.5025
2.50248
2.5025
2.50249
2.5025
2.50248
2.5025
2.50249
2.50251
2.50248
2.5025
2.5025
2.50249
2.5025
2.50249
2.5025
2.50249
2.50251
2.50249
2.50251
2.50249
2.5025
2.5025
2.50249
2.50251
2.5025
2.50249
2.50251
2.5025
2.50249
2.50251
2.50249
2.50251
2.5025
2.5025
2.50249
2.50251
2.5025
2.5025
2.5025
2.5025
2.5025
2.5025
2.5025
2.50249
2.5025
2.5025
2.50249
2.5025
2.50248
2.50249
2.5025
2.50248
2.5025
2.50248
2.5025
2.50248
2.50249
2.50249
2.50249
2.50251
2.50249
2.5025
2.50249
2.5025
2.50249
2.50251
2.50249
2.50251
2.50249
2.5025
2.50249
2.50251
2.50249
2.50251
2.50249
2.50251
2.5025
2.5025
2.50249
2.50251
2.5025
2.50249
2.50251
2.5025
2.5025
2.5025
2.50249
2.50251
2.5025
2.5025
2.5025
2.50248
2.5025
2.50249
2.5025
2.50251
2.5025
2.50249
2.50251
2.5025
2.50249
2.50251
2.50249
2.5025
2.50249
2.5025
2.5025
2.50249
2.50251
2.50251
2.5025
2.50249
2.50251
2.5025
2.5025
2.5025
2.50249
2.5025
2.50249
2.50251
2.50249
2.50251
2.5025
2.5025
2.50249
2.50251
2.5025
2.5025
2.50249
2.50251
2.50249
2.50251
2.5025
2.50249
2.50251
2.5025
2.5025
2.50249
2.50251
2.5025
2.50249
2.50251
2.5025
2.5025
2.5025
2.5025
2.5025
2.5025
2.5025
2.50249
2.5025
2.5025
2.5025
2.5025
2.50249
2.50251
2.50249
2.50251
2.50249
2.50251
2.5025
2.5025
2.50249
2.50251
2.5025
2.5025
2.5025
2.5025
2.5025
2.50248
2.5025
2.50249
2.50251
2.5025
2.5025
2.5025
2.50249
2.50251
2.5025
2.5025
2.50249
2.5025
2.50249
2.5025
2.50249
2.50252
2.50249
2.50251
2.5025
2.5025
2.50249
2.50251
2.50251
2.5025
2.50251
2.50251
2.5025
2.5025
2.5025
2.5025
2.5025
2.50249
2.50251
2.5025
2.50249
2.50251
2.5025
2.5025
2.5025
2.5025
2.50249
2.50251
2.5025
2.5025
2.50249
2.50251
2.5025
2.5025
2.5025
2.50251
2.5025
2.5025
2.50249
2.50251
2.5025
2.5025
2.5025
2.5025
2.5025
2.50249
2.50251
2.5025
2.5025
2.5025
2.50249
2.50251
2.5025
2.50249
2.50251
2.50249
2.50251
2.5025
2.5025
2.50251
2.5025
2.5025
2.50249
2.50251
2.5025
2.5025
2.5025
2.50249
2.50251
2.50251
2.50251
2.5025
2.50251
2.50251
2.50251
2.50251
2.50251
2.50251
2.5025
2.5025
2.5025
2.5025
2.5025
2.5025
2.5025
2.5025
2.50249
2.50251
2.50249
2.50251
2.5025
2.50251
2.5025
2.50251
2.5025
2.50251
2.50251
2.5025
2.5025
2.50249
2.50251
2.5025
2.50251
2.50251
2.5025
2.5025
2.5025
2.50249
2.50251
2.5025
2.5025
2.5025
2.50249
2.50251
2.50251
2.5025
2.5025
2.5025
2.5025
2.50249
2.50252
2.50251
2.5025
2.5025
2.5025
2.5025
2.5025
2.50249
2.50252
2.5025
2.50249
2.50251
2.5025
2.5025
2.50249
2.50251
2.5025
2.5025
2.5025
2.5025
2.50249
2.50252
2.50251
2.5025
2.5025
2.50251
2.5025
2.5025
2.50251
2.5025
2.5025
2.5025
2.5025
2.50251
2.5025
2.5025
2.50251
2.5025
2.50251
2.50251
2.50252
2.50252
2.50251
2.50251
2.50251
2.50251
2.50251
2.50251
2.50252
2.50252
2.50251
2.50251
2.50251
2.50251
2.50251
2.50251
2.5025
2.50251
2.50251
2.5025
2.5025
2.50251
2.50251
2.5025
2.50251
2.5025
2.5025
2.50249
2.50251
2.5025
2.5025
2.5025
2.5025
2.5025
2.50251
2.50251
2.5025
2.50251
2.50251
2.5025
2.5025
2.5025
2.5025
2.5025
2.5025
2.50249
2.50251
2.5025
2.5025
2.5025
2.50249
2.50251
2.50249
2.50252
2.5025
2.5025
2.5025
2.5025
2.5025
2.5025
2.5025
2.5025
2.5025
2.5025
2.50249
2.50251
2.50251
2.5025
2.5025
2.5025
2.5025
2.5025
2.50251
2.50251
2.5025
2.5025
2.50251
2.5025
2.5025
2.50249
2.50249
2.5025
2.50249
2.5025
2.50249
2.50251
2.50249
2.5025
2.50249
2.50251
2.50249
2.50252
2.50251
2.5025
2.5025
2.50251
2.5025
2.5025
2.5025
2.50249
2.50251
2.50249
2.50251
2.50249
2.50251
2.5025
2.50249
2.50251
2.5025
2.50249
2.50251
2.50249
2.50251
2.5025
2.5025
2.50249
2.5025
2.5025
2.5025
2.5025
2.50249
2.5025
2.50249
2.5025
2.50249
2.5025
2.50249
2.5025
2.5025
2.50249
2.50251
2.5025
2.5025
2.50249
2.50251
2.50249
2.50251
2.5025
2.50249
2.5025
2.5025
2.50249
2.50248
2.50251
2.5025
2.50249
2.50251
2.5025
2.5025
2.5025
2.5025
2.50249
2.5025
2.50248
2.5025
2.50248
2.5025
2.50249
2.50251
2.50249
2.5025
2.50248
2.50251
2.5025
2.50249
2.50251
2.50249
2.50251
2.5025
2.50249
2.5025
2.50249
2.50251
2.5025
2.50249
2.50251
2.50251
2.5025
2.50249
2.50251
2.5025
2.5025
2.5025
2.50249
2.50252
2.5025
2.50249
2.50251
2.50251
2.5025
2.50251
2.50251
2.5025
2.5025
2.5025
2.5025
2.5025
2.50249
2.50251
2.5025
2.5025
2.50249
2.50252
2.50251
2.50251
2.50251
2.50251
2.5025
2.5025
2.5025
2.5025
2.5025
2.50249
2.50251
2.5025
2.5025
2.50249
2.50251
2.50251
2.5025
2.50249
2.50251
2.5025
2.50249
2.50251
2.5025
2.5025
2.5025
2.50251
2.5025
2.5025
2.5025
2.50249
2.50252
2.5025
2.5025
2.5025
2.50249
2.50251
2.5025
2.50249
2.50251
2.5025
2.5025
2.50249
2.50251
2.5025
2.5025
2.5025
2.5025
2.50251
2.50251
2.5025
2.50251
2.50251
2.5025
2.5025
2.50251
2.5025
2.5025
2.5025
2.50251
2.50251
2.5025
2.50251
2.50251
2.5025
2.50251
2.50251
2.50251
2.50252
2.50252
2.50252
2.50252
2.50251
2.50252
2.50253
2.50252
2.50253
2.50252
2.50253
2.50253
2.50253
2.50254
2.50253
2.50253
2.50253
2.50253
2.50252
2.50253
2.50253
2.50253
2.50253
2.50253
2.50253
2.50254
2.50254
2.50254
2.50253
2.50254
2.50252
2.50253
2.50253
2.50254
2.50253
2.50254
2.50253
2.50254
2.50254
2.50252
2.50254
2.50251
2.50252
2.50252
2.50252
2.50252
2.50252
2.50252
2.50253
2.50252
2.50252
2.50252
2.50252
2.50253
2.50253
2.50253
2.50253
2.50253
2.50253
2.50253
2.50254
2.50254
2.50254
2.50254
2.50252
2.50253
2.50253
2.50252
2.50251
2.50252
2.50252
2.50251
2.50252
2.50252
2.50251
2.50252
2.50251
2.50251
2.5025
2.5025
2.5025
2.5025
2.5025
2.50249
2.50249
2.50251
2.5025
2.50249
2.50251
2.5025
2.5025
2.50249
2.50251
2.50251
2.5025
2.5025
2.5025
2.5025
2.5025
2.50249
2.50251
2.50249
2.50252
2.5025
2.50249
2.50251
2.50249
2.50251
2.5025
2.50249
2.5025
2.50249
2.5025
2.50249
2.50251
2.5025
2.50249
2.50251
2.5025
2.5025
2.5025
2.50249
2.50249
2.50251
2.5025
2.50249
2.50251
2.5025
2.50249
2.5025
2.50249
2.50251
2.5025
2.50249
2.50251
2.50248
2.50251
2.50249
2.50251
2.5025
2.50249
2.50251
2.5025
2.5025
2.50249
2.5025
2.50249
2.50251
2.5025
2.50249
2.5025
2.5025
2.50249
2.5025
2.5025
2.50249
2.50251
2.5025
2.50249
2.50248
2.5025
2.50249
2.5025
2.5025
2.5025
2.50249
2.5025
2.50249
2.50251
2.5025
2.5025
2.5025
2.5025
2.50249
2.5025
2.50249
2.50251
2.5025
2.5025
2.5025
2.5025
2.5025
2.50249
2.50251
2.5025
2.50249
2.50251
2.5025
2.5025
2.5025
2.50249
2.50251
2.50249
2.50251
2.50249
2.50251
2.5025
2.5025
2.50249
2.50251
2.5025
2.50249
2.50251
2.5025
2.5025
2.50249
2.5025
2.50249
2.50251
2.5025
2.5025
2.50249
2.50251
2.5025
2.5025
2.50249
2.5025
2.50249
2.50251
2.5025
2.50249
2.5025
2.5025
2.50249
2.5025
2.50249
2.5025
2.5025
2.50248
2.5025
2.50248
2.5025
2.50249
2.5025
2.50248
2.5025
2.50249
2.50251
2.5025
2.50249
2.5025
2.50249
2.50251
2.50249
2.5025
2.50249
2.50251
2.5025
2.5025
2.50249
2.50251
2.5025
2.50249
2.50251
2.5025
2.5025
2.50249
2.5025
2.50249
2.5025
2.50249
2.50251
2.5025
2.5025
2.5025
2.50249
2.5025
2.50249
2.5025
2.50249
2.50251
2.50249
2.50251
2.5025
2.5025
2.5025
2.5025
2.5025
2.50249
2.50251
2.5025
2.50251
2.5025
2.5025
2.5025
2.5025
2.5025
2.5025
2.5025
2.5025
2.5025
2.5025
2.5025
2.50249
2.50252
2.50251
2.50251
2.50251
2.5025
2.5025
2.5025
2.5025
2.5025
2.50249
2.5025
2.50249
2.50251
2.5025
2.5025
2.50249
2.5025
2.5025
2.50249
2.50251
2.5025
2.50249
2.50251
2.50249
2.50252
2.5025
2.50249
2.50251
2.5025
2.50249
2.5025
2.5025
2.50249
2.50251
2.5025
2.5025
2.5025
2.5025
2.50249
2.50251
2.5025
2.50249
2.50252
2.50251
2.50251
2.50251
2.50251
2.50251
2.50252
2.50251
2.50251
2.50251
2.50251
2.50251
2.50251
2.5025
2.5025
2.5025
2.5025
2.5025
2.50249
2.50251
2.5025
2.5025
2.5025
2.5025
2.50249
2.50252
2.50251
2.50251
2.50251
2.5025
2.5025
2.5025
2.50251
2.5025
2.5025
2.5025
2.5025
2.50251
2.5025
2.5025
2.5025
2.5025
2.5025
2.5025
2.50249
2.50251
2.5025
2.5025
2.5025
2.5025
2.5025
2.50249
2.50251
2.5025
2.5025
2.5025
2.5025
2.5025
2.5025
2.5025
2.5025
2.5025
2.5025
2.5025
2.5025
2.5025
2.50251
2.5025
2.50251
2.50251
2.50251
2.5025
2.50251
2.50251
2.50251
2.50251
2.50252
2.50251
2.50251
2.50251
2.50251
2.50251
2.5025
2.50251
2.5025
2.5025
2.5025
2.50251
2.50251
2.50251
2.50251
2.50251
2.50251
2.50251
2.50252
2.50252
2.50251
2.50251
2.50251
2.50252
2.50251
2.50251
2.50251
2.50252
2.50252
2.50251
2.50251
2.50251
2.50251
2.50252
2.50252
2.50252
2.50253
2.50253
2.50252
2.50252
2.50252
2.50252
2.50253
2.50252
2.50253
2.50253
2.50253
2.50254
2.50254
2.50253
2.50254
2.50251
2.50253
2.50253
2.50254
2.50254
2.50254
2.50253
2.50254
2.50254
2.50254
2.50253
2.50254
2.50254
2.50253
2.50253
2.50253
2.50254
2.50253
2.50254
2.50253
2.50254
2.50252
2.50253
2.50253
2.50253
2.50253
2.50254
2.50252
2.50254
2.50254
2.50254
2.50254
2.50255
2.50252
2.50253
2.50254
2.50254
2.50254
2.50252
2.50253
2.50253
2.50253
2.50252
2.50253
2.50254
2.50253
2.50252
2.50253
2.50253
2.50253
2.50253
2.50253
2.50254
2.50253
2.50253
2.50254
2.50253
2.50252
2.50253
2.50252
2.50252
2.50253
2.50253
2.50252
2.50253
2.50252
2.50252
2.50252
2.50251
2.50251
2.50252
2.50252
2.50252
2.50252
2.50252
2.50252
2.50252
2.50252
2.50252
2.50253
2.50253
2.50253
2.50253
2.50254
2.50253
2.50252
2.50253
2.50253
2.50252
2.50252
2.50253
2.50253
2.50253
2.50253
2.50253
2.50253
2.50253
2.50252
2.50252
2.50252
2.50252
2.50252
2.50252
2.50252
2.50252
2.50252
2.50252
2.50252
2.5025
2.50251
2.50251
2.50252
2.50251
2.50251
2.50251
2.5025
2.5025
2.50251
2.50251
2.50251
2.5025
2.5025
2.50251
2.5025
2.5025
2.5025
2.50249
2.50252
2.5025
2.5025
2.50251
2.50251
2.5025
2.50251
2.5025
2.50251
2.50251
2.50251
2.5025
2.50251
2.5025
2.50251
2.5025
2.5025
2.5025
2.5025
2.5025
2.5025
2.5025
2.5025
2.5025
2.5025
2.5025
2.50251
2.50251
2.5025
2.50251
2.5025
2.5025
2.5025
2.5025
2.50251
2.50251
2.50251
2.5025
2.5025
2.5025
2.5025
2.50251
2.50251
2.50251
2.50251
2.50251
2.50251
2.50251
2.50251
2.50251
2.50252
2.50251
2.50252
2.50251
2.50252
2.50251
2.50251
2.50252
2.50251
2.50251
2.50252
2.50251
2.50252
2.50253
2.50252
2.50253
2.50252
2.50252
2.50252
2.50253
2.50253
2.50252
2.50253
2.50253
2.50253
2.50252
2.50253
2.50253
2.50253
2.50252
2.50252
2.50252
2.50252
2.50252
2.50253
2.50252
2.50252
2.50253
2.50253
2.50253
2.50253
2.50254
2.50253
2.50254
2.50253
2.50253
2.50254
2.50254
2.50254
2.50254
2.50253
2.50254
2.50252
2.50254
2.50253
2.50254
2.50253
2.50253
2.50254
2.50254
2.50255
2.50253
2.50254
2.50255
2.50253
2.50254
2.50254
2.50255
2.50253
2.50254
2.50255
2.50253
2.50254
2.50254
2.50254
2.50254
2.50254
2.50254
2.50252
2.50253
2.50254
2.50255
2.50253
2.50255
2.50253
2.50254
2.50253
2.50253
2.50254
2.50253
2.50254
2.50254
2.50255
2.50253
2.50254
2.50254
2.50254
2.50254
2.50252
2.50253
2.50254
2.50255
2.50252
2.50253
2.50255
2.50253
2.50255
2.50254
2.50255
2.50254
2.50254
2.50255
2.50254
2.50254
2.50252
2.50254
2.50255
2.50253
2.50254
2.50254
2.50254
2.50253
2.50253
2.50254
2.50254
2.50254
2.50254
2.50253
2.50254
2.50254
2.50253
2.50255
2.50253
2.50254
2.50255
2.50253
2.50254
2.50253
2.50254
2.50254
2.50253
2.50254
2.50254
2.50253
2.50254
2.50252
2.50253
2.50254
2.50253
2.50253
2.50253
2.50254
2.50255
2.50254
2.50256
2.50253
2.50256
2.50253
2.50255
2.50254
2.50253
2.50256
2.50254
2.50254
2.50255
2.50254
2.50255
2.50254
2.50256
2.50254
2.50255
2.50253
2.50255
2.50254
2.50255
2.50253
2.50254
2.50253
2.50254
2.50252
2.50254
2.50254
2.50254
2.50254
2.50253
2.50254
2.50255
2.50254
2.50253
2.50254
2.50254
2.50254
2.50253
2.50254
2.50254
2.50252
2.50254
2.50252
2.50255
2.50253
2.50255
2.50253
2.50254
2.50253
2.50255
2.50254
2.50255
2.50254
2.50255
2.50254
2.50255
2.50255
2.50256
2.50255
2.50255
2.50254
2.50255
2.50254
2.50254
2.50255
2.50254
2.50255
2.50254
2.50256
2.50254
2.50257
2.50254
2.50254
2.50255
2.50254
2.50256
2.50254
2.50254
2.50256
2.50255
2.50254
2.50256
2.50254
2.50254
2.50255
2.50254
2.50254
2.50255
2.50254
2.50255
2.50253
2.50256
2.50255
2.50255
2.50254
2.50255
2.50253
2.50255
2.50254
2.50255
2.50254
2.50256
2.50254
2.50253
2.50255
2.50254
2.50255
2.50254
2.50254
2.50254
2.50254
2.50254
2.50253
2.50255
2.50254
2.50254
2.50254
2.50253
2.50255
2.50253
2.50255
2.50254
2.50256
2.50254
2.50256
2.50254
2.50255
2.50254
2.50254
2.50254
2.50255
2.50254
2.50254
2.50255
2.50254
2.50255
2.50254
2.50255
2.50254
2.50255
2.50253
2.50255
2.50254
2.50253
2.50255
2.50254
2.50254
2.50255
2.50254
2.50255
2.50253
2.50255
2.50255
2.50254
2.50255
2.50254
2.50255
2.50254
2.50254
2.50253
2.50255
2.50254
2.50255
2.50254
2.50254
2.50255
2.50254
2.50255
2.50253
2.50255
2.50255
2.50254
2.50254
2.50255
2.50254
2.50256
2.50255
2.50254
2.50256
2.50254
2.50254
2.50255
2.50254
2.50254
2.50255
2.50254
2.50254
2.50255
2.50254
2.50254
2.50256
2.50255
2.50254
2.50256
2.50254
2.50256
2.50254
2.50255
2.50254
2.50253
2.50256
2.50254
2.50256
2.50254
2.50254
2.50255
2.50254
2.50254
2.50254
2.50255
2.50254
2.50255
2.50254
2.50256
2.50255
2.50254
2.50256
2.50253
2.50256
2.50254
2.50254
2.50255
2.50254
2.50256
2.50255
2.50255
2.50254
2.50255
2.50253
2.50255
2.50253
2.50255
2.50254
2.50254
2.50254
2.50255
2.50254
2.50254
2.50254
2.50255
2.50254
2.50255
2.50254
2.50255
2.50253
2.50255
2.50254
2.50254
2.50254
2.50255
2.50254
2.50255
2.50254
2.50256
2.50254
2.50253
2.50255
2.50254
2.50255
2.50253
2.50255
2.50254
2.50255
2.50254
2.50254
2.50253
2.50255
2.50253
2.50254
2.50253
2.50254
2.50253
2.50255
2.50254
2.50255
2.50254
2.50252
2.50255
2.50253
2.50254
2.50255
2.50253
2.50255
2.50254
2.50255
2.50255
2.50254
2.50254
2.50255
2.50254
2.50255
2.50254
2.50255
2.50254
2.50255
2.50253
2.50255
2.50253
2.50254
2.50253
2.50254
2.50254
2.50252
2.50254
2.50255
2.50253
2.50254
2.50253
2.50255
2.50253
2.50255
2.50254
2.50255
2.50253
2.50255
2.50252
2.50254
2.50253
2.50254
2.50254
2.50254
2.50255
2.50252
2.50253
2.50254
2.50254
2.50254
2.50253
2.50254
2.50253
2.50255
2.50253
2.50255
2.50253
2.50254
2.50254
2.50254
2.50254
2.50253
2.50254
2.50254
2.50252
2.50255
2.50253
2.50255
2.50254
2.50254
2.50254
2.50253
2.50254
2.50255
2.50253
2.50255
2.50253
2.50255
2.50254
2.50254
2.50255
2.50253
2.50255
2.50253
2.50254
2.50253
2.50254
2.50254
2.50253
2.50254
2.50253
2.50255
2.50254
2.50254
2.50253
2.50254
2.50253
2.50256
2.50253
2.50255
2.50254
2.50255
2.50254
2.50253
2.50254
2.50253
2.50255
2.50254
2.50255
2.50254
2.50254
2.50255
2.50254
2.50254
2.50254
2.50255
2.50254
2.50255
2.50253
2.50255
2.50254
2.50255
2.50254
2.50255
2.50254
2.50255
2.50254
2.50255
2.50253
2.50254
2.50253
2.50254
2.50255
2.50254
2.50254
2.50254
2.50255
2.50253
2.50255
2.50253
2.50255
2.50253
2.50255
2.50253
2.50253
2.50254
2.50254
2.50252
2.50253
2.50253
2.50253
2.50252
2.50252
2.50251
2.50251
2.50252
2.50251
2.50251
2.50252
2.50251
2.50251
2.50251
2.50251
2.5025
2.5025
2.5025
2.5025
2.5025
2.50249
2.50251
2.50249
2.50251
2.5025
2.5025
2.50249
2.50251
2.5025
2.50249
2.5025
2.50249
2.50251
2.5025
2.50249
2.5025
2.50249
2.5025
2.50249
2.5025
2.50249
2.50251
2.5025
2.5025
2.5025
2.5025
2.50249
2.50251
2.5025
2.50249
2.50251
2.50249
2.5025
2.50249
2.5025
2.50249
2.5025
2.50249
2.5025
2.50249
2.50249
2.5025
2.50249
2.5025
2.50249
2.5025
2.50248
2.5025
2.50249
2.5025
2.50248
2.5025
2.50249
2.5025
2.50249
2.5025
2.50249
2.5025
2.50248
2.5025
2.50248
2.5025
2.50248
2.50249
2.5025
2.50248
2.50249
2.5025
2.50249
2.50249
2.5025
2.50249
2.5025
2.50248
2.50249
2.5025
2.50248
2.50251
2.50248
2.5025
2.50248
2.5025
2.50249
2.5025
2.50249
2.50251
2.5025
2.50249
2.5025
2.50248
2.50249
2.5025
2.50248
2.5025
2.50248
2.50249
2.50249
2.50248
2.5025
2.50248
2.50249
2.5025
2.50249
2.5025
2.50248
2.5025
2.50248
2.5025
2.50248
2.5025
2.50248
2.5025
2.50248
2.50249
2.5025
2.50249
2.50251
2.5025
2.50249
2.50251
2.5025
2.50249
2.50251
2.5025
2.50249
2.50251
2.50251
2.5025
2.5025
2.5025
2.5025
2.50249
2.5025
2.5025
2.50249
2.5025
2.50249
2.5025
2.50249
2.50251
2.5025
2.50249
2.50251
2.5025
2.5025
2.50249
2.5025
2.5025
2.50249
2.5025
2.50249
2.50251
2.50249
2.5025
2.50249
2.50251
2.5025
2.5025
2.5025
2.50249
2.5025
2.5025
2.5025
2.5025
2.50249
2.50251
2.50249
2.50251
2.5025
2.50251
2.5025
2.5025
2.5025
2.50249
2.50251
2.5025
2.5025
2.5025
2.50249
2.50251
2.5025
2.50249
2.50251
2.5025
2.5025
2.5025
2.5025
2.50249
2.50251
2.5025
2.5025
2.5025
2.5025
2.5025
2.50249
2.50251
2.50249
2.50251
2.5025
2.5025
2.50249
2.50251
2.5025
2.5025
2.5025
2.5025
2.5025
2.5025
2.50249
2.50251
2.50249
2.50251
2.5025
2.5025
2.50251
2.5025
2.5025
2.50251
2.5025
2.5025
2.5025
2.5025
2.5025
2.5025
2.50249
2.50251
2.5025
2.5025
2.5025
2.50251
2.50251
2.5025
2.5025
2.5025
2.5025
2.5025
2.5025
2.5025
2.5025
2.5025
2.5025
2.5025
2.5025
2.50249
2.50252
2.5025
2.50249
2.50252
2.50251
2.5025
2.5025
2.50251
2.50251
2.5025
2.5025
2.5025
2.5025
2.5025
2.50251
2.50251
2.50251
2.5025
2.50251
2.50251
2.50251
2.50251
2.50251
2.50251
2.50251
2.50251
2.50251
2.50251
2.50251
2.50251
2.50251
2.50251
2.50251
2.50251
2.50251
2.50251
2.50252
2.50251
2.50252
2.50252
2.50252
2.50252
2.50251
2.50251
2.50251
2.50251
2.50251
2.50251
2.50251
2.50251
2.5025
2.50251
2.50251
2.50251
2.50251
2.50251
2.5025
2.50251
2.50251
2.50251
2.50251
2.50251
2.50251
2.50251
2.50251
2.50251
2.5025
2.5025
2.5025
2.5025
2.5025
2.5025
2.5025
2.5025
2.50249
2.50251
2.5025
2.5025
2.5025
2.50249
2.50251
2.5025
2.5025
2.50251
2.50251
2.50252
2.50252
2.50251
2.50251
2.50252
2.50252
2.50253
2.50252
2.50252
2.50253
2.50253
2.50253
2.50254
2.50255
2.50253
2.50254
2.50254
2.50254
2.50253
2.50254
2.50254
2.50254
2.50254
2.50254
2.50253
2.50254
2.50252
2.50253
2.50253
2.50254
2.50254
2.50252
2.50254
2.50254
2.50253
2.50254
2.50254
2.50253
2.50253
2.50254
2.50253
2.50253
2.50254
2.50254
2.50254
2.50254
2.50254
2.50253
2.50253
2.50254
2.50254
2.50254
2.50254
2.50254
2.50254
2.50254
2.50254
2.50254
2.50253
2.50254
2.50254
2.50255
2.50253
2.50254
2.50255
2.50253
2.50255
2.50253
2.50254
2.50253
2.50254
2.50254
2.50253
2.50254
2.50252
2.50254
2.50255
2.50253
2.50254
2.50253
2.50255
2.50253
2.50254
2.50254
2.50254
2.50253
2.50254
2.50254
2.50253
2.50253
2.50253
2.50254
2.50254
2.50253
2.50254
2.50255
2.50253
2.50254
2.50254
2.50255
2.50254
2.50255
2.50254
2.50255
2.50253
2.50255
2.50252
2.50254
2.50252
2.50254
2.50254
2.50255
2.50252
2.50253
2.50253
2.50253
2.50254
2.50253
2.50254
2.50254
2.50254
2.50254
2.50255
2.50253
2.50253
2.50253
2.50253
2.50255
2.50253
2.50254
2.50253
2.50254
2.50255
2.50254
2.50256
2.50254
2.50253
2.50254
2.50254
2.50254
2.50253
2.50254
2.50254
2.50255
2.50254
2.50254
2.50253
2.50254
2.50253
2.50254
2.50255
2.50253
2.50254
2.50254
2.50252
2.50254
2.50253
2.50254
2.50253
2.50255
2.50253
2.50255
2.50254
2.50256
2.50255
2.50254
2.50255
2.50253
2.50255
2.50254
2.50256
2.50254
2.50254
2.50254
2.50256
2.50254
2.50254
2.50255
2.50255
2.50254
2.50255
2.50254
2.50255
2.50254
2.50253
2.50254
2.50253
2.50255
2.50254
2.50255
2.50253
2.50255
2.50253
2.50255
2.50254
2.50254
2.50252
2.50254
2.50254
2.50253
2.50255
2.50253
2.50255
2.50253
2.50255
2.50254
2.50255
2.50253
2.50254
2.50255
2.50252
2.50254
2.50252
2.50254
2.50255
2.50253
2.50254
2.50253
2.50254
2.50253
2.50255
2.50254
2.50255
2.50253
2.50255
2.50254
2.50256
2.50253
2.50254
2.50253
2.50255
2.50254
2.50254
2.50255
2.50254
2.50255
2.50254
2.50254
2.50255
2.50254
2.50256
2.50254
2.50255
2.50254
2.50256
2.50254
2.50254
2.50255
2.50254
2.50254
2.50253
2.50254
2.50253
2.50253
2.50254
2.50255
2.50253
2.50254
2.50253
2.50254
2.50253
2.50254
2.50255
2.50253
2.50255
2.50253
2.50253
2.50254
2.50253
2.50254
2.50255
2.50253
2.50254
2.50252
2.50253
2.50254
2.50253
2.50254
2.50254
2.50253
2.50254
2.50255
2.50253
2.50254
2.50253
2.50255
2.50253
2.50254
2.50253
2.50254
2.50253
2.50254
2.50254
2.50254
2.50253
2.50254
2.50254
2.50252
2.50254
2.50254
2.50253
2.50254
2.50255
2.50253
2.50255
2.50253
2.50254
2.50252
2.50254
2.50254
2.50253
2.50254
2.50254
2.50255
2.50253
2.50254
2.50254
2.50253
2.50254
2.50253
2.50254
2.50254
2.50255
2.50253
2.50254
2.50254
2.50254
2.50253
2.50254
2.50254
2.50253
2.50254
2.50255
2.50254
2.50253
2.50254
2.50253
2.50254
2.50254
2.50253
2.50253
2.50253
2.50254
2.50254
2.50253
2.50254
2.50252
2.50254
2.50255
2.50253
2.50255
2.50252
2.50253
2.50254
2.50254
2.50253
2.50254
2.50252
2.50253
2.50254
2.50254
2.50254
2.50254
2.50254
2.50254
2.50255
2.50253
2.50254
2.50253
2.50254
2.50253
2.50254
2.50253
2.50253
2.50254
2.50255
2.50254
2.50255
2.50252
2.50254
2.50254
2.50253
2.50254
2.50253
2.50254
2.50255
2.50254
2.50254
2.50253
2.50253
2.50254
2.50254
2.50252
2.50253
2.50253
2.50253
2.50254
2.50254
2.50252
2.50253
2.50253
2.50254
2.50254
2.50253
2.50254
2.50254
2.50254
2.50253
2.50254
2.50252
2.50254
2.50254
2.50252
2.50254
2.50254
2.50253
2.50254
2.50254
2.50254
2.50255
2.50254
2.50255
2.50254
2.50253
2.50255
2.50253
2.50255
2.50253
2.50255
2.50253
2.50254
2.50253
2.50254
2.50254
2.50254
2.50255
2.50254
2.50255
2.50254
2.50255
2.50254
2.50255
2.50254
2.50255
2.50254
2.50255
2.50253
2.50255
2.50254
2.50255
2.50253
2.50255
2.50253
2.50255
2.50254
2.50255
2.50253
2.50254
2.50255
2.50253
2.50254
2.50255
2.50253
2.50255
2.50253
2.50255
2.50254
2.50254
2.50253
2.50255
2.50253
2.50255
2.50253
2.50255
2.50254
2.50256
2.50254
2.50254
2.50254
2.50256
2.50254
2.50256
2.50255
2.50254
2.50254
2.50255
2.50254
2.50255
2.50254
2.50255
2.50254
2.50255
2.50254
2.50255
2.50254
2.50255
2.50254
2.50256
2.50254
2.50254
2.50254
2.50253
2.50255
2.50254
2.50253
2.50255
2.50254
2.50254
2.50255
2.50253
2.50255
2.50254
2.50255
2.50254
2.50255
2.50254
2.50256
2.50255
2.50254
2.50255
2.50254
2.50256
2.50255
2.50254
2.50255
2.50254
2.50253
2.50255
2.50254
2.50255
2.50255
2.50255
2.50255
2.50253
2.50255
2.50254
2.50255
2.50254
2.50256
2.50254
2.50255
2.50254
2.50255
2.50254
2.50253
2.50255
2.50253
2.50255
2.50253
2.50255
2.50254
2.50255
2.50254
2.50256
2.50255
2.50254
2.50255
2.50255
2.50255
2.50255
2.50255
2.50254
2.50257
2.50254
2.50254
2.50255
2.50254
2.50255
2.50254
2.50255
2.50254
2.50253
2.50256
2.50254
2.50254
2.50255
2.50253
2.50255
2.50254
2.50255
2.50254
2.50253
2.50255
2.50253
2.50254
2.50253
2.50256
2.50254
2.50254
2.50255
2.50254
2.50254
2.50254
2.50255
2.50255
2.50255
2.50255
2.50254
2.50256
2.50255
2.50254
2.50253
2.50256
2.50254
2.50254
2.50254
2.50255
2.50254
2.50254
2.50255
2.50254
2.50256
2.50254
2.50254
2.50255
2.50254
2.50254
2.50255
2.50254
2.50255
2.50255
2.50254
2.50254
2.50256
2.50255
2.50255
2.50255
2.50254
2.50254
2.50254
2.50256
2.50255
2.50254
2.50256
2.50255
2.50255
2.50256
2.50255
2.50255
2.50254
2.50256
2.50255
2.50254
2.50254
2.50254
2.50256
2.50255
2.50255
2.50254
2.50254
2.50254
2.50256
2.50255
2.50254
2.50254
2.50256
2.50256
2.50255
2.50255
2.50255
2.50254
2.50254
2.50256
2.50256
2.50254
2.50255
2.50254
2.50254
2.50256
2.50254
2.50254
2.50257
2.50256
2.50255
2.50255
2.50255
2.50254
2.50255
2.50255
2.50255
2.50255
2.50255
2.50254
2.50254
2.50254
2.50254
2.50256
2.50255
2.50254
2.50254
2.50255
2.50254
2.50254
2.50253
2.50256
2.50255
2.50254
2.50255
2.50255
2.50254
2.50256
2.50255
2.50255
2.50255
2.50254
2.50256
2.50254
2.50255
2.50255
2.50255
2.50255
2.50254
2.50254
2.50254
2.50255
2.50254
2.50254
2.50255
2.50254
2.50256
2.50255
2.50255
2.50255
2.50255
2.50255
2.50255
2.50254
2.50255
2.50255
2.50254
2.50255
2.50254
2.50254
2.50254
2.50254
2.50254
2.50255
2.50254
2.50255
2.50254
2.50256
2.50255
2.50254
2.50255
2.50254
2.50255
2.50255
2.50253
2.50256
2.50255
2.50254
2.50257
2.50255
2.50255
2.50255
2.50256
2.50255
2.50255
2.50255
2.50256
2.50255
2.50255
2.50255
2.50255
2.50255
2.50255
2.50255
2.50254
2.50254
2.50256
2.50256
2.50256
2.50255
2.50254
2.50254
2.50255
2.50255
2.50254
2.50254
2.50255
2.50254
2.50254
2.50254
2.50256
2.50255
2.50254
2.50256
2.50254
2.50255
2.50254
2.50256
2.50255
2.50255
2.50255
2.50255
2.50256
2.50256
2.50256
2.50256
2.50256
2.50256
2.50255
2.50256
2.50256
2.50255
2.50255
2.50254
2.50255
2.50255
2.50255
2.50255
2.50254
2.50254
2.50256
2.50255
2.50254
2.50256
2.50255
2.50255
2.50255
2.50255
2.50254
2.50254
2.50254
2.50254
2.50254
2.50254
2.50255
2.50254
2.50254
2.50255
2.50255
2.50254
2.50256
2.50255
2.50255
2.50255
2.50255
2.50255
2.50254
2.50255
2.50255
2.50255
2.50254
2.50254
2.50254
2.50254
2.50255
2.50254
2.50254
2.50255
2.50255
2.50254
2.50256
2.50256
2.50255
2.50255
2.50256
2.50256
2.50256
2.50256
2.50256
2.50256
2.50255
2.50256
2.50256
2.50256
2.50256
2.50256
2.50256
2.50256
2.50256
2.50256
2.50256
2.50256
2.50256
2.50255
2.50255
2.50255
2.50255
2.50255
2.50254
2.50256
2.50255
2.50255
2.50254
2.50254
2.50254
2.50256
2.50256
2.50255
2.50255
2.50255
2.50256
2.50256
2.50255
2.50255
2.50254
2.50254
2.50256
2.50255
2.50255
2.50255
2.50255
2.50256
2.50256
2.50256
2.50256
2.50256
2.50256
2.50256
2.50255
2.50255
2.50256
2.50256
2.50256
2.50257
2.50256
2.50257
2.50257
2.50257
2.50257
2.50257
2.50258
2.50258
2.50258
2.50258
2.50257
2.50258
2.50258
2.50258
2.50259
2.50258
2.50259
2.50257
2.50257
2.50257
2.50256
2.50257
2.50257
2.50256
2.50257
2.50257
2.50257
2.50257
2.50257
2.50257
2.50257
2.50257
2.50258
2.50258
2.50259
2.50257
2.50258
2.50258
2.50258
2.50258
2.50258
2.50259
2.50256
2.50258
2.50258
2.50258
2.50258
2.50258
2.50258
2.50257
2.50258
2.50257
2.50257
2.50256
2.50256
2.50256
2.50257
2.50256
2.50256
2.50256
2.50256
2.50256
2.50256
2.50256
2.50255
2.50256
2.50256
2.50255
2.50255
2.50255
2.50255
2.50255
2.50255
2.50255
2.50256
2.50256
2.50256
2.50255
2.50255
2.50255
2.50255
2.50254
2.50254
2.50253
2.50256
2.50254
2.50256
2.50255
2.50254
2.50256
2.50255
2.50255
2.50255
2.50255
2.50255
2.50255
2.50255
2.50255
2.50254
2.50255
2.50254
2.50256
2.50255
2.50255
2.50255
2.50254
2.50255
2.50254
2.50254
2.50256
2.50255
2.50254
2.50254
2.50256
2.50255
2.50255
2.50254
2.50255
2.50254
2.50254
2.50255
2.50255
2.50255
2.50254
2.50255
2.50253
2.50255
2.50254
2.50256
2.50254
2.50253
2.50256
2.50254
2.50255
2.50255
2.50255
2.50255
2.50255
2.50255
2.50254
2.50254
2.50253
2.50255
2.50255
2.50255
2.50255
2.50255
2.50254
2.50256
2.50256
2.50255
2.50255
2.50255
2.50255
2.50256
2.50256
2.50256
2.50256
2.50256
2.50255
2.50256
2.50255
2.50255
2.50255
2.50255
2.50256
2.50255
2.50255
2.50254
2.50254
2.50254
2.50254
2.50256
2.50255
2.50255
2.50254
2.50255
2.50255
2.50254
2.50254
2.50254
2.50254
2.50254
2.50256
2.50255
2.50255
2.50254
2.50255
2.50255
2.50255
2.50254
2.50254
2.50256
2.50255
2.50255
2.50255
2.50255
2.50255
2.50254
2.50254
2.50254
2.50254
2.50254
2.50256
2.50254
2.50255
2.50255
2.50254
2.50255
2.50255
2.50255
2.50255
2.50255
2.50255
2.50255
2.50255
2.50255
2.50255
2.50255
2.50256
2.50255
2.50256
2.50255
2.50255
2.50255
2.50256
2.50255
2.50255
2.50255
2.50255
2.50254
2.50255
2.50254
2.50256
2.50256
2.50255
2.50256
2.50255
2.50255
2.50255
2.50255
2.50255
2.50256
2.50256
2.50256
2.50256
2.50256
2.50256
2.50256
2.50256
2.50257
2.50257
2.50257
2.50256
2.50257
2.50257
2.50258
2.50258
2.50258
2.50258
2.50258
2.50258
2.50258
2.50258
2.50258
2.50257
2.50258
2.50257
2.50258
2.50257
2.50257
2.50257
2.50258
2.50257
2.50257
2.50257
2.50258
2.50258
2.50257
2.50257
2.50257
2.50257
2.50257
2.50257
2.50257
2.50258
2.50258
2.50258
2.50258
2.50258
2.50257
2.50258
2.50257
2.50256
2.50256
2.50256
2.50256
2.50256
2.50256
2.50256
2.50256
2.50256
2.50257
2.50257
2.50257
2.50258
2.50257
2.50257
2.50257
2.50257
2.50257
2.50258
2.50258
2.50257
2.50257
2.50257
2.50258
2.50257
2.50258
2.50258
2.50259
2.50257
2.50258
2.50259
2.50258
2.50258
2.50259
2.50259
2.50257
2.50258
2.50259
2.50257
2.50258
2.50258
2.50259
2.50257
2.50258
2.50259
2.50258
2.50258
2.50258
2.50258
2.50259
2.50258
2.50259
2.50257
2.50258
2.50257
2.50258
2.50257
2.50258
2.50258
2.50259
2.50258
2.50259
2.50257
2.50257
2.50258
2.50257
2.50258
2.50258
2.50259
2.50258
2.50259
2.50257
2.50259
2.50258
2.50257
2.50258
2.50258
2.50258
2.50258
2.50258
2.50258
2.50259
2.50258
2.50259
2.50257
2.50259
2.50257
2.50258
2.50258
2.50258
2.50259
2.50258
2.50258
2.50258
2.50258
2.50259
2.50257
2.50257
2.50258
2.50258
2.50258
2.50259
2.50259
2.50257
2.50258
2.50258
2.50258
2.50258
2.50259
2.50259
2.50257
2.50258
2.50258
2.50259
2.50257
2.50259
2.50258
2.50259
2.50259
2.50258
2.5026
2.50258
2.50259
2.50258
2.50259
2.50259
2.50259
2.50258
2.50259
2.50257
2.50258
2.50258
2.50258
2.50258
2.50258
2.50258
2.50259
2.50259
2.50259
2.50257
2.50258
2.50258
2.50258
2.50259
2.50258
2.50259
2.50257
2.50258
2.50259
2.50259
2.50258
2.50259
2.50257
2.50259
2.50257
2.50258
2.50259
2.50258
2.50258
2.50258
2.50258
2.50259
2.50258
2.50259
2.50258
2.50259
2.50257
2.50258
2.50258
2.50258
2.50258
2.50258
2.50258
2.50258
2.50259
2.50257
2.50258
2.50259
2.50259
2.50258
2.50258
2.50259
2.50258
2.50259
2.50258
2.50259
2.50257
2.50258
2.50259
2.50257
2.50259
2.50259
2.50257
2.50259
2.50257
2.50258
2.50258
2.50259
2.50257
2.50258
2.50259
2.50258
2.50259
2.50258
2.50259
2.50258
2.50259
2.50257
2.50258
2.50259
2.50258
2.50259
2.50257
2.50259
2.50257
2.50259
2.50257
2.50259
2.50258
2.50259
2.50257
2.50259
2.50257
2.50259
2.50257
2.50259
2.50257
2.50258
2.50259
2.50257
2.5026
2.50258
2.5026
2.50259
2.50258
2.5026
2.50258
2.50259
2.50258
2.50259
2.50257
2.50258
2.50258
2.50259
2.50257
2.50258
2.50257
2.50258
2.50258
2.50258
2.50258
2.50258
2.50258
2.50259
2.50258
2.50258
2.50257
2.50258
2.50258
2.50257
2.50258
2.50258
2.50256
2.50256
2.50257
2.50256
2.50256
2.50256
2.50256
2.50255
2.50256
2.50255
2.50254
2.50255
2.50253
2.50256
2.50254
2.50253
2.50255
2.50253
2.50255
2.50253
2.50255
2.50253
2.50254
2.50253
2.50253
2.50254
2.50254
2.50253
2.50254
2.50254
2.50254
2.50252
2.50253
2.50254
2.50254
2.50254
2.50253
2.50254
2.50252
2.50254
2.50254
2.50253
2.50255
2.50253
2.50255
2.50254
2.50255
2.50254
2.50255
2.50253
2.50254
2.50254
2.50253
2.50254
2.50253
2.50254
2.50254
2.50254
2.50253
2.50254
2.50253
2.50254
2.50255
2.50253
2.50254
2.50255
2.50253
2.50254
2.50253
2.50254
2.50253
2.50254
2.50255
2.50254
2.50255
2.50253
2.50255
2.50254
2.50254
2.50255
2.50254
2.50255
2.50254
2.50255
2.50253
2.50254
2.50254
2.50254
2.50255
2.50253
2.50254
2.50253
2.50254
2.50252
2.50253
2.50253
2.50253
2.50253
2.50253
2.50253
2.50253
2.50254
2.50254
2.50252
2.50254
2.50254
2.50254
2.50252
2.50253
2.50253
2.50253
2.50253
2.50253
2.50254
2.50254
2.50253
2.50254
2.50252
2.50253
2.50253
2.50254
2.50254
2.50254
2.50253
2.50254
2.50252
2.50253
2.50254
2.50254
2.50252
2.50254
2.50254
2.50254
2.50252
2.50253
2.50254
2.50254
2.50252
2.50254
2.50254
2.50253
2.50254
2.50254
2.50253
2.50254
2.50253
2.50254
2.50254
2.50253
2.50255
2.50253
2.50253
2.50254
2.50252
2.50253
2.50253
2.50254
2.50254
2.50254
2.50254
2.50253
2.50253
2.50253
2.50254
2.50254
2.50252
2.50253
2.50253
2.50254
2.50254
2.50254
2.50253
2.50253
2.50253
2.50254
2.50253
2.50254
2.50253
2.50254
2.50254
2.50254
2.50254
2.50255
2.50254
2.50255
2.50254
2.50255
2.50253
2.50255
2.50253
2.50254
2.50255
2.50253
2.50254
2.50254
2.50253
2.50255
2.50253
2.50254
2.50253
2.50253
2.50253
2.50254
2.50253
2.50255
2.50253
2.50255
2.50253
2.50254
2.50254
2.50254
2.50253
2.50254
2.50254
2.50253
2.50253
2.50254
2.50253
2.50255
2.50253
2.50255
2.50253
2.50254
2.50253
2.50254
2.50255
2.50253
2.50254
2.50255
2.50253
2.50255
2.50253
2.50254
2.50253
2.50254
2.50253
2.50254
2.50254
2.50253
2.50254
2.50252
2.50254
2.50253
2.50254
2.50254
2.50255
2.50254
2.50254
2.50254
2.50254
2.50254
2.50253
2.50254
2.50255
2.50253
2.50254
2.50252
2.50253
2.50253
2.50254
2.50255
2.50252
2.50254
2.50254
2.50255
2.50254
2.50254
2.50254
2.50253
2.50254
2.50254
2.50253
2.50255
2.50253
2.50254
2.50253
2.50254
2.50252
2.50254
2.50254
2.50255
2.50254
2.50255
2.50254
2.50255
2.50254
2.50254
2.50255
2.50254
2.50256
2.50254
2.50253
2.50255
2.50253
2.50255
2.50255
2.50255
2.50254
2.50256
2.50254
2.50253
2.50255
2.50254
2.50255
2.50254
2.50253
2.50255
2.50253
2.50254
2.50253
2.50254
2.50252
2.50254
2.50253
2.50255
2.50254
2.50255
2.50254
2.50255
2.50254
2.50253
2.50255
2.50253
2.50255
2.50253
2.50255
2.50253
2.50254
2.50255
2.50254
2.50254
2.50255
2.50254
2.50255
2.50254
2.50255
2.50255
2.50254
2.50253
2.50255
2.50254
2.50255
2.50254
2.50255
2.50253
2.50255
2.50253
2.50255
2.50254
2.50255
2.50254
2.50255
2.50254
2.50255
2.50253
2.50255
2.50254
2.50255
2.50254
2.50255
2.50253
2.50256
2.50255
2.50254
2.50254
2.50255
2.50254
2.50256
2.50254
2.50256
2.50254
2.50254
2.50256
2.50255
2.50254
2.50254
2.50255
2.50255
2.50254
2.50253
2.50255
2.50253
2.50255
2.50254
2.50255
2.50253
2.50255
2.50253
2.50256
2.50255
2.50254
2.50254
2.50254
2.50254
2.50255
2.50253
2.50255
2.50254
2.50255
2.50254
2.50254
2.50255
2.50254
2.50253
2.50255
2.50254
2.50255
2.50253
2.50255
2.50253
2.50255
2.50253
2.50255
2.50253
2.50254
2.50255
2.50253
2.50255
2.50254
2.50255
2.50254
2.50253
2.50255
2.50253
2.50256
2.50254
2.50256
2.50255
2.50254
2.50254
2.50253
2.50255
2.50254
2.50255
2.50254
2.50255
2.50253
2.50256
2.50254
2.50256
2.50255
2.50253
2.50255
2.50254
2.50256
2.50254
2.50254
2.50254
2.50254
2.50255
2.50254
2.50254
2.50255
2.50254
2.50253
2.50256
2.50255
2.50255
2.50255
2.50255
2.50254
2.50254
2.50254
2.50255
2.50253
2.50255
2.50254
2.50256
2.50254
2.50254
2.50255
2.50254
2.50254
2.50253
2.50255
2.50254
2.50254
2.50255
2.50253
2.50255
2.50253
2.50254
2.50253
2.50255
2.50253
2.50254
2.50253
2.50254
2.50254
2.50254
2.50254
2.50253
2.50254
2.50254
2.50254
2.50252
2.50254
2.50254
2.50254
2.50253
2.50254
2.50254
2.50254
2.50252
2.50254
2.50253
2.50253
2.50253
2.50253
2.50254
2.50252
2.50253
2.50254
2.50254
2.50254
2.50253
2.50254
2.50253
2.50253
2.50253
2.50253
2.50253
2.50254
2.50254
2.50253
2.50254
2.50254
2.50254
2.50253
2.50254
2.50254
2.50253
2.50254
2.50254
2.50253
2.50254
2.50254
2.50255
2.50252
2.50253
2.50253
2.50253
2.50253
2.50253
2.50253
2.50254
2.50253
2.50253
2.50253
2.50252
2.50253
2.50253
2.50254
2.50252
2.50253
2.50253
2.50253
2.50253
2.50252
2.50253
2.50253
2.50254
2.50254
2.50252
2.50253
2.50254
2.50252
2.50254
2.50253
2.50254
2.50253
2.50253
2.50253
2.50254
2.50254
2.50254
2.50253
2.50254
2.50253
2.50254
2.50253
2.50254
2.50253
2.50254
2.50253
2.50253
2.50252
2.50253
2.50252
2.50252
2.50252
2.50252
2.50252
2.50252
2.50252
2.50252
2.50252
2.50252
2.50252
2.50253
2.50253
2.50254
2.50254
2.50253
2.50253
2.50253
2.50253
2.50254
2.50253
2.50254
2.50254
2.50254
2.50254
2.50255
2.50253
2.50253
2.50254
2.50254
2.50254
2.50254
2.50253
2.50254
2.50254
2.50253
2.50253
2.50254
2.50254
2.50253
2.50253
2.50253
2.50254
2.50254
2.50254
2.50253
2.50254
2.50254
2.50254
2.50254
2.50252
2.50253
2.50254
2.50254
2.50254
2.50254
2.50254
2.50254
2.50254
2.50254
2.50254
2.50254
2.50252
2.50253
2.50253
2.50253
2.50253
2.50254
2.50253
2.50254
2.50254
2.50253
2.50253
2.50254
2.50255
2.50254
2.50255
2.50255
2.50254
2.50255
2.50254
2.50255
2.50254
2.50253
2.50255
2.50254
2.50254
2.50253
2.50255
2.50254
2.50254
2.50254
2.50254
2.50253
2.50255
2.50253
2.50255
2.50253
2.50255
2.50253
2.50254
2.50252
2.50254
2.50254
2.50253
2.50254
2.50255
2.50253
2.50254
2.50255
2.50253
2.50255
2.50253
2.50255
2.50253
2.50254
2.50253
2.50254
2.50254
2.50254
2.50254
2.50255
2.50254
2.50255
2.50255
2.50253
2.50255
2.50253
2.50255
2.50254
2.50256
2.50254
2.50254
2.50256
2.50254
2.50253
2.50254
2.50253
2.50255
2.50253
2.50254
2.50253
2.50254
2.50253
2.50254
2.50254
2.50255
2.50253
2.50254
2.50254
2.50253
2.50255
2.50253
2.50255
2.50253
2.50255
2.50253
2.50256
2.50254
2.50255
2.50253
2.50255
2.50254
2.50255
2.50253
2.50255
2.50254
2.50255
2.50253
2.50254
2.50255
2.50253
2.50254
2.50253
2.50254
2.50255
2.50253
2.50255
2.50254
2.50255
2.50254
2.50255
2.50254
2.50256
2.50254
2.50256
2.50254
2.50254
2.50255
2.50254
2.50256
2.50254
2.50255
2.50254
2.50255
2.50254
2.50256
2.50255
2.50254
2.50255
2.50253
2.50255
2.50253
2.50255
2.50253
2.50254
2.50254
2.50253
2.50254
2.50253
2.50254
2.50253
2.50254
2.50254
2.50254
2.50252
2.50253
2.50254
2.50253
2.50254
2.50252
2.50253
2.50253
2.50253
2.50253
2.50252
2.50252
2.50253
2.50253
2.50254
2.50253
2.50254
2.50253
2.50253
2.50254
2.50254
2.50254
2.50253
2.50253
2.50254
2.50254
2.50252
2.50252
2.50252
2.50253
2.50253
2.50253
2.50253
2.50253
2.50253
2.50254
2.50253
2.50253
2.50254
2.50254
2.50254
2.50253
2.50254
2.50252
2.50252
2.50253
2.50253
2.50253
2.50253
2.50253
2.50252
2.50252
2.50253
2.50253
2.50253
2.50253
2.50253
2.50253
2.50253
2.50253
2.50253
2.50253
2.50253
2.50253
2.50253
2.50254
2.50254
2.50253
2.50254
2.50254
2.50252
2.50254
2.50254
2.50254
2.50253
2.50254
2.50252
2.50253
2.50253
2.50254
2.50253
2.50253
2.50254
2.50252
2.50254
2.50253
2.50253
2.50253
2.50253
2.50253
2.50253
2.50253
2.50253
2.50253
2.50253
2.50252
2.50253
2.50253
2.50253
2.50252
2.50252
2.50252
2.50252
2.50252
2.50252
2.50252
2.50252
2.50252
2.50253
2.50253
2.50253
2.50253
2.50252
2.50252
2.50253
2.50252
2.50253
2.50253
2.50253
2.50253
2.50253
2.50253
2.50253
2.50253
2.50254
2.50252
2.50253
2.50253
2.50253
2.50254
2.50253
2.50253
2.50253
2.50254
2.50254
2.50253
2.50253
2.50253
2.50253
2.50254
2.50254
2.50254
2.50255
2.50252
2.50253
2.50254
2.50255
2.50253
2.50253
2.50253
2.50253
2.50254
2.50252
2.50254
2.50252
2.50254
2.50254
2.50254
2.50254
2.50252
2.50253
2.50253
2.50253
2.50253
2.50254
2.50253
2.50254
2.50254
2.50254
2.50254
2.50252
2.50254
2.50254
2.50252
2.50253
2.50254
2.50253
2.50254
2.50254
2.50253
2.50254
2.50252
2.50254
2.50254
2.50252
2.50253
2.50254
2.50254
2.50252
2.50253
2.50254
2.50254
2.50254
2.50254
2.50253
2.50253
2.50254
2.50254
2.50254
2.50255
2.50252
2.50254
2.50255
2.50253
2.50254
2.50254
2.50254
2.50252
2.50254
2.50254
2.50252
2.50254
2.50254
2.50253
2.50254
2.50254
2.50255
2.50254
2.50254
2.50253
2.50253
2.50254
2.50254
2.50254
2.50253
2.50254
2.50254
2.50254
2.50253
2.50254
2.50252
2.50254
2.50254
2.50254
2.50252
2.50254
2.50254
2.50252
2.50254
2.50255
2.50252
2.50253
2.50253
2.50254
2.50254
2.50255
2.50253
2.50254
2.50253
2.50255
2.50253
2.50254
2.50253
2.50254
2.50252
2.50253
2.50254
2.50254
2.50254
2.50252
2.50253
2.50253
2.50253
2.50254
2.50254
2.50254
2.50254
2.50252
2.50253
2.50253
2.50254
2.50252
2.50254
2.50254
2.50254
2.50254
2.50254
2.50252
2.50252
2.50252
2.50252
2.50253
2.50254
2.50253
2.50253
2.50253
2.50253
2.50254
2.50253
2.50253
2.50254
2.50254
2.50254
2.50254
2.50253
2.50253
2.50253
2.50253
2.50252
2.50252
2.50252
2.50252
2.50252
2.50252
2.50253
2.50252
2.50252
2.50252
2.50252
2.50251
2.50251
2.50251
2.50251
2.50251
2.5025
2.50251
2.5025
2.50251
2.50251
2.50251
2.50251
2.50251
2.5025
2.5025
2.5025
2.50251
2.5025
2.5025
2.5025
2.5025
2.5025
2.50249
2.50251
2.5025
2.50249
2.50251
2.50249
2.50251
2.50249
2.50251
2.50251
2.5025
2.5025
2.5025
2.5025
2.50249
2.50251
2.5025
2.5025
2.5025
2.5025
2.5025
2.5025
2.50251
2.50249
2.50252
2.50251
2.50251
2.5025
2.5025
2.5025
2.5025
2.5025
2.50249
2.50251
2.50251
2.5025
2.5025
2.5025
2.5025
2.5025
2.50249
2.50252
2.5025
2.5025
2.5025
2.5025
2.5025
2.50251
2.50251
2.5025
2.50251
2.5025
2.5025
2.50249
2.50251
2.5025
2.5025
2.50251
2.50251
2.5025
2.5025
2.50251
2.50251
2.50251
2.50251
2.50251
2.50251
2.50252
2.50252
2.50252
2.50252
2.50252
2.50252
2.50253
2.50252
2.50252
2.50252
2.50252
2.50252
2.50252
2.50253
2.50254
2.50253
2.50253
2.50253
2.50253
2.50253
2.50254
2.50252
2.50253
2.50253
2.50253
2.50254
2.50253
2.50254
2.50252
2.50253
2.50252
2.50253
2.50253
2.50254
2.50254
2.50254
2.50252
2.50252
2.50252
2.50252
2.50253
2.50253
2.50253
2.50253
2.50253
2.50253
2.50253
2.50254
2.50254
2.50254
2.50254
2.50253
2.50253
2.50253
2.50253
2.50253
2.50253
2.50253
2.50253
2.50254
2.50254
2.50254
2.50255
2.50253
2.50254
2.50253
2.50254
2.50254
2.50254
2.50255
2.50253
2.50254
2.50253
2.50254
2.50255
2.50252
2.50254
2.50255
2.50253
2.50254
2.50254
2.50253
2.50255
2.50252
2.50254
2.50253
2.50254
2.50252
2.50254
2.50254
2.50254
2.50254
2.50254
2.50253
2.50254
2.50254
2.50253
2.50255
2.50253
2.50254
2.50254
2.50253
2.50254
2.50253
2.50253
2.50254
2.50254
2.50254
2.50254
2.50252
2.50254
2.50254
2.50252
2.50254
2.50254
2.50252
2.50254
2.50254
2.50253
2.50254
2.50254
2.50256
2.50255
2.50254
2.50255
2.50253
2.50254
2.50251
2.50254
2.50253
2.50253
2.50255
2.50253
2.50254
2.50252
2.50254
2.50254
2.50253
2.50255
2.50254
2.50255
2.50253
2.50253
2.50254
2.50254
2.50253
2.50254
2.50252
2.50254
2.50253
2.50254
2.50253
2.50254
2.50253
2.50254
2.50253
2.50254
2.50254
2.50253
2.50254
2.50253
2.50254
2.50253
2.50254
2.50255
2.50253
2.50254
2.50253
2.50255
2.50253
2.50255
2.50253
2.50255
2.50254
2.50255
2.50253
2.50254
2.50253
2.50255
2.50253
2.50255
2.50253
2.50255
2.50253
2.50255
2.50253
2.50255
2.50254
2.50255
2.50254
2.50256
2.50255
2.50254
2.50256
2.50254
2.50256
2.50254
2.50254
2.50254
2.50256
2.50255
2.50254
2.50255
2.50254
2.50254
2.50254
2.50256
2.50254
2.50254
2.50254
2.50255
2.50254
2.50255
2.50255
2.50254
2.50255
2.50254
2.50256
2.50255
2.50254
2.50253
2.50256
2.50255
2.50255
2.50254
2.50254
2.50255
2.50254
2.50255
2.50254
2.50254
2.50255
2.50254
2.50255
2.50254
2.50255
2.50254
2.50255
2.50254
2.50255
2.50253
2.50255
2.50253
2.50255
2.50253
2.50255
2.50252
2.50254
2.50255
2.50254
2.50255
2.50254
2.50255
2.50253
2.50255
2.50254
2.50255
2.50254
2.50255
2.50254
2.50254
2.50255
2.50254
2.50255
2.50255
2.50254
2.50255
2.50254
2.50255
2.50254
2.50253
2.50255
2.50253
2.50255
2.50253
2.50254
2.50253
2.50254
2.50253
2.50254
2.50255
2.50254
2.50255
2.50253
2.50254
2.50253
2.50254
2.50255
2.50252
2.50254
2.50253
2.50255
2.50253
2.50254
2.50253
2.50254
2.50254
2.50252
2.50254
2.50254
2.50255
2.50253
2.50254
2.50254
2.50253
2.50254
2.50254
2.50253
2.50254
2.50254
2.50254
2.50253
2.50253
2.50253
2.50254
2.50254
2.50254
2.50253
2.50254
2.50252
2.50254
2.50254
2.50253
2.50254
2.50254
2.50253
2.50253
2.50253
2.50253
2.50253
2.50254
2.50254
2.50254
2.50253
2.50254
2.50253
2.50254
2.50254
2.50253
2.50255
2.50253
2.50254
2.50253
2.50253
2.50254
2.50252
2.50254
2.50254
2.50253
2.50254
2.50254
2.50254
2.50254
2.50255
2.50253
2.50254
2.50255
2.50253
2.50255
2.50253
2.50254
2.50254
2.50252
2.50253
2.50254
2.50253
2.50254
2.50254
2.50252
2.50253
2.50253
2.50253
2.50254
2.50252
2.50253
2.50253
2.50254
2.50253
2.50254
2.50254
2.50252
2.50254
2.50254
2.50253
2.50254
2.50253
2.50254
2.50255
2.50253
2.50254
2.50253
2.50254
2.50253
2.50254
2.50252
2.50253
2.50253
2.50253
2.50253
2.50254
2.50254
2.50255
2.50254
2.50255
2.50253
2.50254
2.50253
2.50254
2.50253
2.50253
2.50253
2.50253
2.50253
2.50254
2.50254
2.50254
2.50254
2.50252
2.50253
2.50253
2.50253
2.50253
2.50253
2.50254
2.50252
2.50253
2.50253
2.50254
2.50254
2.50252
2.50254
2.50253
2.50254
2.50252
2.50253
2.50253
2.50254
2.50254
2.50254
2.50254
2.50254
2.50253
2.50254
2.50255
2.50253
2.50254
2.50254
2.50254
2.50255
2.50253
2.50254
2.50254
2.50252
2.50253
2.50253
2.50253
2.50252
2.50253
2.50253
2.50253
2.50254
2.50252
2.50253
2.50253
2.50254
2.50254
2.50254
2.50254
2.50252
2.50253
2.50254
2.50253
2.50254
2.50254
2.50254
2.50254
2.50254
2.50253
2.50254
2.50253
2.50254
2.50254
2.50254
2.50252
2.50254
2.50253
2.50253
2.50253
2.50254
2.50254
2.50253
2.50253
2.50253
2.50254
2.50254
2.50252
2.50253
2.50253
2.50253
2.50253
2.50252
2.50253
2.50253
2.50254
2.50253
2.50254
2.50255
2.50251
2.50254
2.50253
2.50253
2.50253
2.50254
2.50253
2.50255
2.50252
2.50254
2.50255
2.50253
2.50254
2.50253
2.50253
2.50254
2.50253
2.50255
2.50253
2.50253
2.50254
2.50255
2.50253
2.50254
2.50253
2.50255
2.50253
2.50255
2.50253
2.50254
2.50255
2.50254
2.50253
2.50255
2.50253
2.50254
2.50253
2.50254
2.50254
2.50254
2.50253
2.50254
2.50253
2.50255
2.50253
2.50254
2.50252
2.50254
2.50253
2.50254
2.50254
2.50255
2.50253
2.50254
2.50253
2.50254
2.50255
2.50253
2.50255
2.50254
2.50254
2.50252
2.50254
2.50254
2.50253
2.50254
2.50254
2.50254
2.50253
2.50254
2.50255
2.50253
2.50254
2.50252
2.50253
2.50254
2.50254
2.50254
2.50252
2.50253
2.50254
2.50254
2.50253
2.50254
2.50253
2.50254
2.50254
2.50255
2.50253
2.50254
2.50254
2.50253
2.50254
2.50253
2.50255
2.50254
2.50253
2.50255
2.50254
2.50254
2.50253
2.50254
2.50253
2.50254
2.50253
2.50254
2.50254
2.50253
2.50254
2.50254
2.50253
2.50254
2.50254
2.50253
2.50255
2.50254
2.50255
2.50253
2.50255
2.50253
2.50254
2.50253
2.50254
2.50253
2.50253
2.50254
2.50254
2.50255
2.50253
2.50254
2.50253
2.50254
2.50254
2.50252
2.50255
2.50253
2.50254
2.50255
2.50253
2.50255
2.50253
2.50254
2.50254
2.50253
2.50254
2.50252
2.50254
2.50253
2.50254
2.50253
2.50254
2.50252
2.50253
2.50254
2.50254
2.50254
2.50255
2.50253
2.50254
2.50253
2.50254
2.50253
2.50254
2.50255
2.50253
2.50255
2.50253
2.50254
2.50253
2.50255
2.50254
2.50255
2.50254
2.50256
2.50254
2.50255
2.50254
2.50254
2.50254
2.50255
2.50254
2.50256
2.50254
2.50254
2.50254
2.50255
2.50254
2.50253
2.50256
2.50254
2.50254
2.50255
2.50254
2.50256
2.50255
2.50255
2.50254
2.50254
2.50255
2.50254
2.50255
2.50253
2.50254
2.50255
2.50253
2.50255
2.50254
2.50255
2.50254
2.50255
2.50254
2.50256
2.50255
2.50254
2.50254
2.50255
2.50254
2.50253
2.50255
2.50254
2.50254
2.50253
2.50255
2.50253
2.50254
2.50255
2.50254
2.50255
2.50254
2.50253
2.50256
2.50254
2.50253
2.50255
2.50254
2.50256
2.50254
2.50254
2.50255
2.50254
2.50255
2.50254
2.50255
2.50253
2.50255
2.50253
2.50255
2.50254
2.50255
2.50254
2.50255
2.50254
2.50256
2.50255
2.50255
2.50254
2.50256
2.50254
2.50254
2.50254
2.50256
2.50254
2.50255
2.50253
2.50255
2.50254
2.50253
2.50255
2.50254
2.50255
2.50254
2.50255
2.50254
2.50256
2.50254
2.50255
2.50253
2.50255
2.50254
2.50256
2.50255
2.50255
2.50255
2.50255
2.50254
2.50255
2.50255
2.50254
2.50255
2.50254
2.50255
2.50254
2.50255
2.50254
2.50254
2.50254
2.50256
2.50255
2.50254
2.50256
2.50254
2.50255
2.50255
2.50255
2.50254
2.50255
2.50254
2.50254
2.50254
2.50256
2.50255
2.50254
2.50255
2.50255
2.50254
2.50254
2.50255
2.50254
2.50256
2.50255
2.50254
2.50254
2.50255
2.50254
2.50254
2.50254
2.50255
2.50254
2.50255
2.50255
2.50254
2.50256
2.50255
2.50255
2.50255
2.50255
2.50255
2.50255
2.50254
2.50254
2.50256
2.50255
2.50254
2.50254
2.50255
2.50254
2.50255
2.50253
2.50255
2.50254
2.50255
2.50254
2.50255
2.50254
2.50254
2.50255
2.50254
2.50254
2.50254
2.50256
2.50255
2.50255
2.50254
2.50255
2.50254
2.50254
2.50255
2.50254
2.50255
2.50254
2.50254
2.50254
2.50255
2.50254
2.50254
2.50256
2.50255
2.50254
2.50254
2.50254
2.50254
2.50253
2.50255
2.50253
2.50255
2.50253
2.50255
2.50254
2.50255
2.50254
2.50255
2.50254
2.50254
2.50256
2.50255
2.50255
2.50255
2.50255
2.50254
2.50254
2.50255
2.50254
2.50257
2.50256
2.50256
2.50255
2.50256
2.50256
2.50256
2.50256
2.50256
2.50255
2.50256
2.50256
2.50256
2.50256
2.50256
2.50255
2.50255
2.50255
2.50256
2.50256
2.50255
2.50256
2.50255
2.50255
2.50254
2.50254
2.50256
2.50255
2.50254
2.50253
2.50255
2.50252
2.50254
2.50255
2.50254
2.50254
2.50256
2.50255
2.50255
2.50254
2.50254
2.50253
2.50255
2.50255
2.50254
2.50255
2.50254
2.50254
2.50256
2.50254
2.50255
2.50255
2.50254
2.50256
2.50255
2.50255
2.50254
2.50254
2.50256
2.50254
2.50254
2.50253
2.50254
2.50254
2.50253
2.50255
2.50253
2.50254
2.50254
2.50255
2.50254
2.50256
2.50254
2.50254
2.50256
2.50254
2.50255
2.50255
2.50254
2.50253
2.50255
2.50253
2.50256
2.50253
2.50255
2.50254
2.50253
2.50255
2.50254
2.50256
2.50254
2.50255
2.50254
2.50255
2.50254
2.50255
2.50254
2.50256
2.50254
2.50254
2.50254
2.50253
2.50255
2.50254
2.50255
2.50254
2.50254
2.50254
2.50255
2.50254
2.50254
2.50255
2.50254
2.50256
2.50254
2.50256
2.50254
2.50254
2.50256
2.50254
2.50254
2.50254
2.50254
2.50256
2.50255
2.50255
2.50254
2.50254
2.50254
2.50256
2.50254
2.50254
2.50256
2.50254
2.50254
2.50255
2.50254
2.50255
2.50254
2.50256
2.50255
2.50254
2.50254
2.50254
2.50255
2.50254
2.50254
2.50255
2.50255
2.50255
2.50254
2.50255
2.50254
2.50255
2.50255
2.50255
2.50255
2.50254
2.50254
2.50254
2.50256
2.50254
2.50255
2.50253
2.50254
2.50253
2.50255
2.50254
2.50255
2.50254
2.50254
2.50254
2.50254
2.50256
2.50254
2.50255
2.50254
2.50255
2.50253
2.50254
2.50255
2.50254
2.50254
2.50255
2.50254
2.50254
2.50256
2.50254
2.50255
2.50254
2.50255
2.50253
2.50256
2.50254
2.50255
2.50255
2.50254
2.50255
2.50253
2.50255
2.50255
2.50254
2.50256
2.50255
2.50255
2.50255
2.50254
2.50253
2.50255
2.50254
2.50254
2.50253
2.50255
2.50255
2.50254
2.50256
2.50254
2.50256
2.50255
2.50255
2.50254
2.50256
2.50255
2.50254
2.50254
2.50255
2.50253
2.50255
2.50254
2.50254
2.50255
2.50254
2.50255
2.50254
2.50256
2.50254
2.50256
2.50254
2.50255
2.50254
2.50254
2.50253
2.50254
2.50254
2.50254
2.50254
2.50255
2.50253
2.50254
2.50253
2.50255
2.50253
2.50255
2.50254
2.50255
2.50254
2.50254
2.50254
2.50254
2.50254
2.50255
2.50254
2.50255
2.50255
2.50255
2.50254
2.50255
2.50254
2.50254
2.50256
2.50254
2.50255
2.50254
2.50255
2.50253
2.50255
2.50254
2.50256
2.50255
2.50254
2.50255
2.50254
2.50254
2.50255
2.50254
2.50254
2.50255
2.50255
2.50253
2.50255
2.50254
2.50256
2.50255
2.50254
2.50255
2.50254
2.50256
2.50255
2.50255
2.50254
2.50254
2.50255
2.50254
2.50254
2.50253
2.50256
2.50254
2.50255
2.50254
2.50254
2.50256
2.50255
2.50254
2.50255
2.50254
2.50253
2.50255
2.50255
2.50254
2.50255
2.50254
2.50254
2.50253
2.50255
2.50253
2.50254
2.50253
2.50255
2.50254
2.50254
2.50256
2.50254
2.50254
2.50255
2.50255
2.50254
2.50255
2.50254
2.50255
2.50254
2.50254
2.50255
2.50254
2.50255
2.50254
2.50256
2.50254
2.50255
2.50254
2.50254
2.50254
2.50256
2.50254
2.50256
2.50255
2.50254
2.50255
2.50254
2.50256
2.50254
2.50254
2.50254
2.50255
2.50254
2.50254
2.50254
2.50255
2.50254
2.50256
2.50255
2.50254
2.50254
2.50256
2.50254
2.50254
2.50256
2.50254
2.50256
2.50254
2.50256
2.50255
2.50254
2.50254
2.50254
2.50255
2.50253
2.50255
2.50254
2.50255
2.50254
2.50255
2.50254
2.50256
2.50254
2.50254
2.50255
2.50253
2.50255
2.50255
2.50254
2.50256
2.50255
2.50254
2.50256
2.50254
2.50254
2.50256
2.50255
2.50255
2.50254
2.50256
2.50256
2.50256
2.50255
2.50256
2.50256
2.50255
2.50255
2.50255
2.50255
2.50254
2.50256
2.50254
2.50254
2.50254
2.50255
2.50255
2.50254
2.50255
2.50255
2.50254
2.50254
2.50256
2.50254
2.50254
2.50256
2.50254
2.50255
2.50255
2.50255
2.50254
2.50254
2.50254
2.50256
2.50255
2.50255
2.50254
2.50254
2.50254
2.50256
2.50254
2.50254
2.50254
2.50254
2.50255
2.50254
2.50255
2.50255
2.50255
2.50255
2.50255
2.50255
2.50255
2.50254
2.50256
2.50255
2.50254
2.50254
2.50254
2.50254
2.50256
2.50255
2.50255
2.50254
2.50256
2.50255
2.50256
2.50255
2.50255
2.50255
2.50256
2.50256
2.50255
2.50257
2.50256
2.50256
2.50257
2.50257
2.50257
2.50256
2.50256
2.50257
2.50257
2.50257
2.50256
2.50256
2.50256
2.50256
2.50257
2.50256
2.50256
2.50256
2.50256
2.50257
2.50257
2.50256
2.50256
2.50256
2.50255
2.50255
2.50255
2.50255
2.50254
2.50254
2.50255
2.50255
2.50255
2.50255
2.50254
2.50254
2.50254
2.50254
2.50254
2.50254
2.50255
2.50256
2.50254
2.50254
2.50256
2.50255
2.50255
2.50256
2.50256
2.50256
2.50256
2.50257
2.50257
2.50258
2.50257
2.50257
2.50258
2.50258
2.50257
2.50257
2.50258
2.50258
2.50257
2.50257
2.50257
2.50257
2.50257
2.50257
2.50257
2.50257
2.50256
2.50256
2.50256
2.50256
2.50256
2.50255
2.50256
2.50255
2.50255
2.50255
2.50255
2.50255
2.50254
2.50255
2.50256
2.50256
2.50256
2.50255
2.50256
2.50255
2.50255
2.50256
2.50256
2.50256
2.50256
2.50256
2.50256
2.50256
2.50257
2.50257
2.50257
2.50257
2.50257
2.50257
2.50257
2.50258
2.50257
2.50258
2.50258
2.50258
2.50257
2.50258
2.50257
2.50257
2.50258
2.50257
2.50257
2.50257
2.50257
2.50257
2.50257
2.50256
2.50257
2.50257
2.50256
2.50256
2.50257
2.50257
2.50257
2.50257
2.50257
2.50257
2.50258
2.50257
2.50258
2.50258
2.50258
2.50259
2.50257
2.50258
2.50258
2.50259
2.5026
2.50257
2.50259
2.50257
2.50258
2.50257
2.50258
2.50258
2.50258
2.50258
2.50258
2.50257
2.50257
2.50257
2.50257
2.50258
2.50258
2.50257
2.50258
2.50257
2.50258
2.50257
2.50257
2.50257
2.50257
2.50257
2.50257
2.50257
2.50257
2.50257
2.50257
2.50258
2.50257
2.50257
2.50258
2.50258
2.50257
2.50257
2.50258
2.50258
2.50258
2.50258
2.50258
2.50258
2.50259
2.50256
2.50258
2.50257
2.50258
2.50259
2.50258
2.50259
2.50257
2.50258
2.50259
2.50256
2.50257
2.50257
2.50258
2.50257
2.50257
2.50258
2.50258
2.50258
2.50258
2.50258
2.50258
2.50258
2.50259
2.50257
2.50258
2.50258
2.50258
2.50259
2.50257
2.50258
2.50259
2.50259
2.50257
2.50258
2.50258
2.50258
2.50259
2.50258
2.50259
2.50258
2.50258
2.50258
2.50259
2.50258
2.50259
2.50258
2.50258
2.50259
2.50259
2.50256
2.50258
2.50258
2.50258
2.50258
2.50258
2.50258
2.50258
2.50259
2.5026
2.50257
2.50258
2.50258
2.50257
2.50257
2.50258
2.50258
2.50258
2.50259
2.50258
2.50258
2.50259
2.50257
2.50258
2.50258
2.50258
2.50259
2.50258
2.50258
2.50258
2.50258
2.50259
2.50258
2.50258
2.50259
2.50258
2.50258
2.50258
2.50258
2.50259
2.50257
2.50258
