2.49666
2.49663
2.49667
2.49665
2.49664
2.49665
2.49665
2.49665
2.49665
2.49665
2.49665
2.49665
2.49666
2.49665
2.49665
2.49664
2.49665
2.49662
2.49668
2.49666
2.49665
2.49664
2.49664
2.49665
2.49665
2.49663
2.49668
2.49662
2.4967
2.4966
2.49697
2.49699
2.4971
2.49705
2.49714
2.49708
2.49719
2.49708
2.49721
2.49711
2.49719
2.49709
2.49717
2.49713
2.49718
2.49716
2.49716
2.49718
2.49716
2.49716
2.49714
2.49715
2.49716
2.49717
2.49717
2.49718
2.49717
2.49717
2.49716
2.49718
2.49717
2.49717
2.49757
2.49635
2.49719
2.49643
2.49696
2.49648
2.49686
2.49655
2.49676
2.4966
2.49671
2.49662
2.4967
2.49664
2.49665
2.49665
2.49666
2.49664
2.49666
2.49665
2.49665
2.49663
2.4967
2.49662
2.49668
2.4966
2.49668
2.49667
2.49667
2.49666
2.49664
2.49664
2.49666
2.49664
2.49664
2.49663
2.49667
2.49666
2.49664
2.49665
2.49664
2.49663
