2.49675
2.49665
2.49674
2.49667
2.49676
2.49669
2.49672
2.49674
2.49672
2.49675
2.49672
2.49675
2.49672
2.49676
2.49672
2.49676
2.49672
2.49674
2.49672
2.49675
2.49671
2.49677
2.49674
2.49673
2.49672
2.49673
2.4967
2.49672
2.49675
2.49671
2.49674
2.4967
2.49675
2.4967
2.49674
2.4967
2.49674
2.49672
2.49674
2.49672
2.49676
2.4967
2.49675
2.49672
2.49674
2.49671
2.49675
2.49669
2.49673
2.49667
2.49678
2.49666
2.49677
2.49667
2.49678
2.49666
2.49678
2.49665
2.49676
2.4967
2.49673
2.49674
2.49671
2.49674
2.49671
2.49675
2.49672
2.49674
2.49671
2.49674
2.49672
2.49675
2.49671
2.49674
2.4967
2.4973
2.49694
2.49731
2.49705
2.4973
2.49713
2.49727
2.49719
2.49721
2.49722
2.49722
2.49724
2.49719
2.49721
2.49722
2.49725
2.49718
2.49726
2.49719
2.49724
2.49721
2.49724
2.49719
2.49722
2.49725
2.49719
2.49724
2.49719
2.49723
2.4972
2.49725
2.49722
2.49727
2.49722
2.49725
2.49722
2.49726
2.4972
2.49723
2.49724
2.4972
2.49723
2.49725
2.49721
2.49723
2.49726
2.49721
2.49722
2.49723
2.49723
2.49724
2.49719
2.49721
2.49721
2.49724
2.49721
2.49723
2.4972
2.49723
2.49719
2.49721
2.49722
2.49722
2.49725
2.49719
2.49723
2.49723
2.49724
2.49721
2.49724
2.49721
2.49724
2.49721
2.49724
2.49719
2.49724
2.49719
2.49724
2.4972
2.49723
2.49719
2.49722
2.49721
2.49723
2.4972
2.49723
2.49725
2.49719
2.49723
2.49724
2.49721
2.49724
2.4972
2.49723
2.49724
2.4972
2.49722
2.49725
2.49718
2.49727
2.49719
2.49725
2.4972
2.49723
2.49719
2.49723
2.49722
2.49723
2.49718
2.49729
2.49716
2.49729
2.49716
2.49726
2.49719
2.49724
2.49719
2.49721
2.4972
2.49721
2.49721
2.49721
2.49723
2.49724
2.4972
2.49724
2.49718
2.49725
2.49716
2.49727
2.49719
2.49723
2.4972
2.49722
2.49691
2.49687
2.49679
2.49679
2.49675
2.49677
2.49674
2.49672
2.49675
2.4967
2.49672
2.49673
2.4967
2.49674
2.49671
2.49671
2.49674
2.4967
2.49673
2.49675
2.49671
2.49674
2.49672
2.49675
2.4967
2.49673
2.49675
2.4967
2.49672
